Index,C_c_0,C_c_2ws,C_c_ws,C_s_2ws,C_s_ws,S_c_0,S_c_2ws,S_c_ws,S_s_2ws,S_s_ws
0,-1.5719372011555278e-16,3.606052515953279e-16,1.2505269829914932e-16,6.660434858128487e-17,5.584121895827757e-17,3.695222373846287e-17,3.7616622198630147e-16,1.8181730221512666e-16,1.0729692217107915e-16,-5.340566603230091e-17
1,-1.5757471479785935e-16,-1.121410285871411e-16,5.590562823720458e-17,-5.753475266768803e-17,-2.3878450272054166e-17,3.1711416119955774e-17,-9.675417512314647e-17,9.603907797732671e-17,-4.255985271175745e-17,4.783640188337746e-17
2,-1.5777034672949723e-16,-1.9230741350349431e-16,2.223332788770628e-16,-2.281364161622087e-16,-1.6737588551014703e-16,3.199048919045447e-17,-9.280780557208369e-17,9.32567339863065e-17,1.0555219477008066e-16,-1.7348845380184832e-16
3,-1.5751242977644427e-16,8.743967482574299e-17,-1.3582451122596874e-16,-9.37875093053884e-17,5.372566276832424e-17,3.1767050429508124e-17,2.2759996671465534e-16,-2.94100419014392e-16,-5.100448158564171e-16,3.644781834599148e-18
4,-1.5777991961545825e-16,-4.445525345021138e-16,-2.587431764849017e-16,-4.6868068241376354e-17,-1.902229499849535e-17,3.1648947508343035e-17,-3.5233083754981444e-16,4.384754460335475e-17,-2.3255879728140256e-17,2.0719772444417384e-16
5,-1.5757492167723175e-16,-9.170235709378244e-17,-1.0409774319704698e-16,8.309799224428045e-17,8.136726232639801e-17,3.167845407241501e-17,1.4197116987560857e-16,3.8066446560401544e-17,-1.7963117258320092e-16,-2.4227084561700838e-17
6,-1.574115734980923e-16,-2.659804971319453e-16,-1.2075365430786796e-16,9.413813632454862e-17,-4.082689123684114e-16,3.1740609515299005e-17,-3.664102999679353e-17,-2.1644980046042696e-16,-2.179877455340212e-16,-1.500688190769611e-16
7,-1.5808289582320245e-16,1.7590322147178067e-16,-2.732007961302237e-16,-1.609093040227349e-17,-6.467529632930101e-16,3.1703067458600116e-17,-1.6609093576380842e-16,1.360475055276792e-16,-2.6245003691887886e-16,-6.052112340223145e-17
8,-1.577073615189957e-16,-2.9514708239866037e-16,1.0268205807981038e-17,-4.572410962733732e-16,-3.4751269703595656e-17,3.170630691094734e-17,-9.133396802734573e-18,-2.079232187120792e-16,1.665810588336726e-16,-9.69206931526401e-17
9,-1.57620171427306e-16,-2.3247382477443845e-16,2.34710347466936e-16,2.3115501775368987e-17,-1.7063950592997132e-16,3.1623625309698684e-17,1.9605234049287218e-16,2.600447228558745e-16,5.871966784800731e-17,4.695407630281484e-17
10,-1.57589632642222e-16,4.07011345366151e-17,1.0723966542988588e-16,3.6930792970518257e-16,2.1080256549820905e-16,3.172648165412886e-17,-5.045067635881318e-17,3.2464457159447924e-16,4.4366170161039247e-16,1.3595032740485148e-16
11,-1.576448431417686e-16,3.5324606070835956e-16,-5.730286213972996e-17,2.5825207925434306e-16,6.017137738031548e-17,3.165671894267658e-17,4.3937152869452984e-17,1.5664946773673897e-16,1.6279090114891675e-17,-1.2924717490491166e-16
12,-1.5766981461309532e-16,-1.602988310278357e-16,8.804766300520605e-17,-7.152291033003689e-17,2.098546642464027e-16,3.1720750961928355e-17,5.76055026913157e-17,2.358403820564816e-16,2.0426852252084065e-16,2.4559952794229624e-16
13,-1.5757126703672342e-16,-9.033804861959413e-18,-2.464396861179242e-16,-3.8639898967600665e-17,-8.960254655731621e-17,3.1683842709563127e-17,1.7146210192389665e-16,-4.073861668432801e-17,-1.3048522756989579e-16,-9.359810299136827e-17
14,-1.5758412958611277e-16,4.024824259973086e-16,-2.16329438689908e-16,1.9293897123053148e-16,2.5643444308137214e-16,3.172573196125292e-17,3.401939096974719e-16,-1.7215815935355768e-16,1.1406318391422377e-16,3.2471342460472254e-16
15,-1.576655306506207e-16,-2.1472874469523206e-16,3.1778871716816997e-16,-2.8561667528857467e-18,-3.573359021148617e-16,3.1734679492660424e-17,5.909109821581422e-17,-2.073505848016999e-16,2.3394876965803933e-17,1.5426205716358271e-16
16,-1.5760481328070912e-16,-1.6162753331784706e-16,3.998777472281361e-16,-3.8871801783997666e-16,1.156448386239321e-16,3.1661497572487296e-17,1.1868387484624825e-16,-5.09024676472073e-17,-6.281360922693176e-17,1.5633706545657098e-16
17,-1.576090222348033e-16,1.3783690919541197e-16,-4.2772849906558355e-17,2.346001383171146e-16,3.6094198124043205e-18,3.1604512237423795e-17,1.1603117658787297e-16,4.0312172711712263e-16,-3.0912259430655913e-16,-1.0716496256139465e-16
18,-1.5763298058295183e-16,3.4942664778278765e-18,3.2495985548776797e-16,-2.904949993116245e-16,-1.350875486675711e-16,3.173643454537176e-17,-1.0576600839707293e-16,-3.6395753267777725e-16,1.222483877085417e-16,-5.112918841537225e-16
19,-1.5761999895221866e-16,1.5214277425816832e-17,-1.0727604533455524e-16,-6.535343269703982e-16,2.6526063232708517e-16,3.169042102075042e-17,4.314847198018193e-16,-1.928982735698368e-16,6.303318614275239e-16,-4.945698967872966e-17
20,-1.5769263033494156e-16,-1.5900770055358902e-16,2.3540259296982136e-17,-3.0079679167169158e-16,3.2868323509994893e-16,3.164855830833492e-17,1.0401901473955633e-17,-3.8428132836110243e-17,1.014631939769059e-16,2.6531542820020514e-16
21,-1.5764236979440155e-16,-9.643373803028494e-18,3.941688739811049e-17,-2.7924087163531666e-16,-9.158781605837372e-18,3.179138159688946e-17,-1.4529173219391768e-16,-9.110978601209422e-17,4.80921053086556e-16,2.5562206614203134e-16
22,-1.5761345937615297e-16,-4.711118122214177e-17,-1.5767897216631309e-16,9.858332463936097e-17,-2.653651264120577e-17,3.170840576187453e-17,-1.0640314816176493e-16,2.117626934966175e-16,-1.9349498926041966e-16,-8.366184139376383e-18
23,-1.5769990286250446e-16,3.040996092627358e-16,-2.4526062414933475e-16,-1.8438431877297923e-16,-2.3881497516322254e-16,3.1750923543648795e-17,-1.6797046141914123e-16,-3.897461243311787e-17,1.783455105932789e-16,1.1369245681135348e-16
24,-1.5758996684973877e-16,-2.1459806695940304e-16,7.198835717475882e-17,1.815073371588322e-16,-9.249867793304832e-17,3.1858957807846674e-17,1.7539880640613134e-16,-2.701836313144205e-16,-1.500456446592699e-16,-8.639979416435039e-16
25,-1.575544747074297e-16,-2.245843090473567e-16,-6.294399905955844e-17,1.2576049483880947e-16,3.701345756558921e-16,3.164896883898152e-17,3.6827730957766546e-17,1.9778590263594048e-16,-4.3209115028355997e-16,4.145129823379687e-17
26,-1.5760760327795027e-16,-1.9601808491730318e-17,3.2336426164189734e-16,1.5916183017000638e-16,1.1385860526220452e-16,3.170810001769511e-17,1.7632720393792233e-16,-3.533650351403327e-16,-4.234171849474292e-16,4.2083799846785676e-16
27,-1.5767997636597716e-16,4.603850908541927e-16,8.173320263813752e-18,8.317304365853813e-18,-4.682090454976331e-16,3.175457192917475e-17,2.513664527991521e-16,-8.855177608995804e-17,4.051142705289616e-16,2.790801515506035e-16
28,-1.5752663563405845e-16,-5.9004830354815015e-18,-9.4746943338511e-17,-1.872836991126958e-16,-5.095660892368536e-16,3.1735526653422737e-17,-8.031244925828838e-17,3.8985295929929013e-16,-1.1449998985775597e-16,-2.680013040036314e-17
29,-1.5763555093520927e-16,2.2958153667754865e-16,1.625295118605102e-16,-2.5509081213260827e-16,3.143983949793985e-16,3.176435603646459e-17,2.8877123624559988e-18,-1.807644330579911e-16,1.758220764098291e-16,2.3548419451482896e-16
30,-1.5761245718418527e-16,-2.7537007424524206e-16,-1.9791454102949015e-16,-2.4777165164183634e-17,-1.1672949422530045e-16,3.172131354328055e-17,-6.928124914768348e-17,1.998915012058601e-16,-5.68386403820944e-17,-1.0921079478836662e-16
31,-1.5763318816656213e-16,-5.595481466514181e-16,-8.547550478144797e-17,-2.7245840152880877e-16,-1.2526678945649643e-16,3.1725112360496086e-17,-5.200061032566475e-16,-1.815418323686629e-17,2.459542004050716e-16,-1.9179826808609643e-16
32,-1.576578079655604e-16,7.25469863986784e-17,-1.3397377485289994e-16,-1.5033167347545783e-16,2.5963223007448556e-16,3.166855237079618e-17,-3.5723561404700274e-17,1.8948445041531072e-17,2.085814922981056e-16,2.742614056239253e-16
33,-1.5757662971056255e-16,3.6639255811548145e-17,-1.871219282610804e-16,1.5817685025877393e-16,9.50885924078335e-17,3.1709816416532325e-17,-1.2090561108159945e-16,2.0219472303476353e-16,1.334852597913221e-16,1.207110840026475e-16
34,-1.576004006347786e-16,-9.513153088556141e-17,3.2086641618473397e-16,5.508355377398225e-16,-1.1279579298412438e-16,3.172197219622442e-17,-2.674822914383355e-16,-9.009717080420575e-17,-1.3145428844578064e-16,3.455182845476699e-16
35,-1.5762337740194345e-16,-1.8828269152569864e-16,2.4907483018670907e-16,-2.352204246013863e-17,-4.395169858336642e-16,3.1715130300250003e-17,-1.1155250849690391e-16,-2.4459518953641997e-16,2.969344633278112e-16,-6.314133143597086e-17
36,-1.5757638527646528e-16,-1.1359407973742932e-16,7.246530076623661e-16,-1.391428514816372e-16,-2.4398361146908113e-16,3.168809072145268e-17,1.3640505967477179e-16,-6.273600922902089e-16,-1.921039907099162e-16,1.2206868320641892e-16
37,-1.5762482300718952e-16,-2.5689069585655236e-16,7.991987790617685e-17,1.1039398629050037e-16,-7.510358079960984e-17,3.1802755204621426e-17,-2.5646155124227843e-16,-5.057592670789647e-16,1.769152329993093e-16,4.054678699056623e-16
38,-1.5760242695465895e-16,-2.3665061189591087e-17,1.7009945810790893e-16,2.589366285442658e-16,2.901307073607479e-16,3.1697383862800767e-17,3.556627515112342e-17,-1.638595619760133e-16,-1.256662464877898e-16,9.195768972098322e-17
39,-1.5762891911771965e-16,-1.5972559365127705e-16,-2.634579378482485e-16,-6.700684960904544e-17,-2.2030495268166741e-16,3.1719089215856044e-17,-4.793215307992981e-16,3.034349623748208e-16,1.9033471155824574e-16,-1.0136259042422388e-16
40,-1.5762537237864448e-16,1.142532913485942e-16,2.1770718448789167e-16,-5.4299578393954907e-17,1.7118901877832404e-17,3.172146853034875e-17,3.3479789187725316e-16,-6.433629200961446e-17,4.156296461629187e-18,-2.6126297730681214e-16
41,-1.5765692727470756e-16,2.215745860356725e-16,1.178373904691544e-16,-1.5617448518826707e-16,-3.2646124905874937e-16,3.17214098034882e-17,-5.590130866205371e-16,-3.110877848465402e-17,-2.3308842737254487e-16,1.6042660342100622e-16
42,-1.5763468094611303e-16,9.892682262986736e-18,-2.793485000933576e-16,-2.625522429963348e-16,-3.7810859979240647e-16,3.1662983101453745e-17,2.6678022817936906e-16,-3.8862873966923496e-16,-2.5150572898077707e-16,2.0269225499543366e-16
43,-1.5761972928607125e-16,2.486315685749342e-16,-4.161781380314888e-16,-1.6588610554765727e-16,-1.0601707555104151e-16,3.17108403686386e-17,8.975567041089243e-17,-4.746811562400327e-17,1.5605399778963296e-17,-3.635477597853435e-17
44,-1.5762970054320103e-16,-1.938269865020603e-16,2.3794434211580783e-17,-1.7785468648749394e-16,2.328685502125496e-16,3.1715647970441344e-17,1.732521647442551e-16,-2.8433937119089096e-16,-6.195831587720274e-16,-2.370032586561785e-16
45,-1.5757961609427332e-16,-1.6026984418087715e-16,-3.7585983248556704e-16,2.334399586862156e-16,1.2477036458618362e-16,3.168124365109544e-17,-1.9504657237936318e-16,-2.865811151557043e-17,-2.5267008021802657e-16,-2.937741990249523e-16
46,-1.5760356854402273e-16,4.738215391428889e-17,2.886145007969551e-16,-2.600223618510951e-16,3.178577456452059e-17,3.168918821921408e-17,2.447178339984812e-16,-1.796319835513428e-16,2.0743338361338885e-16,1.8311763649315625e-16
47,-1.5761581278447724e-16,3.079486260967796e-17,9.135389997588743e-17,-3.103809065824399e-16,-3.500220646683655e-16,3.1711295198425526e-17,2.9281320972856557e-16,-1.0034883094774833e-17,-3.1461246215546786e-16,1.531881609663748e-16
48,-1.5760934355894209e-16,-3.0427226182184305e-16,3.4726560526739794e-16,-1.467711231055803e-16,-8.723129765294417e-17,3.171201401918103e-17,-1.290388871755921e-16,-6.247212129929468e-18,-1.9823212951779083e-16,-3.732829548441268e-17
49,-1.5759874512097285e-16,-1.881939166205358e-16,1.586741883094499e-16,9.655184426476215e-17,2.4127317330677736e-16,3.1678752920996805e-17,-4.784039866817832e-16,1.4056575265365513e-16,3.1023364471325537e-16,-2.72507383321496e-16
50,-1.5760662603812431e-16,-2.558745384667301e-16,1.1368188109854254e-16,-9.385474320193525e-18,3.1076632429138354e-16,3.170282139483337e-17,3.5706713906866744e-16,1.3001173164246718e-16,-2.0339728314880317e-16,-8.969071108554537e-17
51,-1.5761509538397108e-16,7.301301351886022e-18,1.79715909189174e-16,-2.2375847076891223e-16,-9.687530174929273e-17,3.1715638035714353e-17,-2.302100388140393e-16,-1.4829849659195465e-16,-7.302341664575344e-17,1.5262288414559826e-16
52,-1.5762324248798214e-16,2.7575359082753815e-16,1.4341147458399706e-16,-1.0179579631571976e-17,-6.506512385025411e-17,3.1741945074285663e-17,-4.401340489002675e-16,-5.758503455017172e-16,1.8916873400543004e-17,-5.149222756331126e-17
53,-1.5759020843011587e-16,1.0974089638957365e-16,-4.2069501783822935e-17,1.5849350594779895e-16,3.1575467755073337e-16,3.172725403654176e-17,4.532926995903148e-17,-3.337052269904137e-17,2.6279203798345563e-16,2.2581802763347383e-16
54,-1.576164214782636e-16,6.695895793805035e-17,7.435416975443374e-17,-2.8678508901237003e-16,-1.1234629004073095e-16,3.173771444646558e-17,1.091995771168165e-16,1.7768275895370046e-16,4.266196877307992e-17,-3.6541505669907483e-16
55,-1.5762388932773126e-16,2.0511829751392374e-16,3.4093856288047007e-16,-2.227659612663228e-16,-2.986505674258547e-17,3.1698309700836746e-17,2.3362726924617735e-16,2.525598427279164e-16,2.584491872911363e-16,-6.090807989850475e-16
56,-1.576310432321007e-16,1.705556382595759e-16,2.8192116507540587e-16,-3.1253413070618285e-18,1.7977255596291574e-16,3.169182152723248e-17,3.954682754475294e-16,1.7781785001100995e-16,-1.0104919727944051e-16,1.3198015093473428e-16
57,-1.5761722620490676e-16,1.229290000450625e-16,1.9999209023289956e-16,-2.5716097896638544e-17,3.8901490897544045e-17,3.172102616492464e-17,-2.1623531182507116e-16,-2.6463091041890867e-16,-2.959464219530444e-17,4.622813292020122e-18
58,-1.576155308184675e-16,-1.4986795152500996e-16,-2.946205173119837e-17,1.1077765578644898e-16,9.886945263203008e-17,3.17161985844126e-17,3.764106904201027e-16,-1.4388509975451574e-17,3.363982040264321e-16,-3.0551053741501398e-18
59,-1.576125066082786e-16,-1.2312126834801427e-16,1.3425566156017124e-16,-1.4649495941589545e-16,-3.427655248422808e-16,3.1698926162492515e-17,-6.263825148123281e-17,4.192908062891189e-16,9.610411002169991e-17,-2.493273541762347e-16
60,-1.5761206791637837e-16,-3.349858495048998e-16,-3.0529612084732916e-16,-1.46018962600682e-16,1.2934948018263401e-17,3.1719326038209963e-17,-2.2229837835518673e-16,8.538332232100537e-17,1.6917655417567312e-16,-1.6173650084755574e-16
61,-1.5762774614615743e-16,6.178549554213179e-17,4.984278824691949e-16,2.1568954547011586e-16,-7.802122252683674e-17,3.170846258706513e-17,1.3888886429837114e-16,-2.8538331483994457e-16,9.463357204724092e-17,8.776790091036816e-18
62,-1.5762882895763088e-16,-2.0667299129244017e-16,4.3829529601491574e-17,5.128577497032894e-17,3.3240619254392807e-16,3.1692926398109184e-17,-2.3350106145857732e-17,-4.507798476605574e-16,-2.7586565233886503e-16,-2.7048036348863677e-16
63,-1.5760530646649086e-16,-2.4099089663318273e-17,-2.224242100427225e-16,1.1169939429875194e-16,-1.2016685070801321e-17,3.1706764476256767e-17,1.1949380241654788e-16,3.659538684104004e-17,-1.4094284356788713e-16,-2.9519039556998977e-16
64,-1.576109424568308e-16,4.812647993157686e-16,-5.359187668131823e-16,-1.4582052519860508e-16,1.257556975514073e-16,3.17169278291266e-17,2.29052326857184e-16,5.4243305429657496e-17,-1.7274295426660177e-16,-6.605087746353441e-16
65,-1.5760372544790648e-16,-2.1282834464017875e-16,-3.7128838104733176e-17,-2.1718675503290494e-16,4.8618146695367266e-17,3.170037757795566e-17,3.054919150257405e-17,-1.0868601313936121e-16,-2.41845043769641e-16,-1.4511701368307233e-16
66,-1.5764570497056503e-16,2.775144406416311e-16,-1.5513307895755232e-16,2.5205639347545896e-16,4.87318513420861e-16,3.173482236492297e-17,-1.373249585295405e-16,3.6337977874207924e-16,5.147832521548486e-16,2.0135987539760384e-17
67,-1.5761827847086218e-16,-4.170665209654508e-17,9.091503126985605e-17,-1.684574225192425e-16,-5.928180347278376e-17,3.1706650026911886e-17,2.6243339799933543e-16,-1.8091026414884772e-16,-3.058717664360863e-16,-3.614019792758299e-16
68,-1.5761489521837683e-16,2.835285574181138e-16,7.56083367942196e-17,-2.4769776279647697e-16,-4.203861352590305e-16,3.170593803842535e-17,-8.42859476355687e-17,2.991078878466408e-16,-1.63861250825827e-16,1.2839099556448216e-16
69,-1.576108524463512e-16,1.2465630001158187e-16,-7.00661571213468e-17,2.2479798698553977e-16,1.1868620740960594e-16,3.17128292525789e-17,-4.241862423469719e-17,-2.2495829485925915e-16,3.2820665576844644e-16,-4.763012469550242e-18
70,-1.5762270822672481e-16,-1.298075718337234e-16,-1.4507948383141405e-16,-8.724074638168263e-17,2.6703325265750248e-17,3.1725948873286414e-17,2.953675667135721e-16,4.484469515136079e-16,1.7128480451075203e-16,9.07341783563817e-17
71,-1.5762083773555883e-16,-1.598642042433401e-16,2.9470831449424334e-16,2.8002420499998506e-16,-1.415491551961127e-16,3.168341376506511e-17,3.598255465722493e-16,7.915716115715755e-17,-5.915920350703797e-16,-2.463323943247886e-16
72,-1.5761426924254528e-16,-2.290436980584958e-16,1.885821536089236e-16,1.043063591770704e-17,1.268614535798711e-16,3.1711295353749404e-17,-4.1787221330227645e-17,2.8270064549232545e-16,6.953327481327068e-17,-7.190843836379218e-17
73,-1.5760355589940148e-16,-2.491602671108404e-16,-1.9257617340172544e-16,2.8340438959850187e-16,2.089507724549222e-17,3.1691982595662516e-17,1.8528819770740204e-16,-2.5460532594316596e-16,-6.118245415404125e-17,-1.9704445459140841e-16
74,-1.576048328963215e-16,3.4286718502145214e-16,-1.2022260630088146e-16,8.380880835227009e-17,-2.298629236345711e-16,3.170269150745675e-17,-1.988640150420981e-17,-2.3030285007045023e-17,-2.836487118351382e-16,1.3430890149870515e-16
75,-1.5761640576963266e-16,9.176150176494181e-17,-3.5737764311778744e-17,-1.591711804796975e-16,7.743002541366626e-17,3.170053989769388e-17,4.079377331883929e-16,4.9591132833292896e-17,-1.3009855279294724e-16,2.6558037942839967e-16
76,-1.5761203645947828e-16,-1.2840553738628687e-16,1.1386233562777975e-17,3.4168719646131584e-17,2.4705153249987813e-16,3.171238360255506e-17,-6.789201350328281e-17,1.880852934014177e-16,1.3960184341457746e-16,-6.87750543354929e-17
77,-1.5760915184982865e-16,-2.6445457116288696e-17,-4.259109442630721e-17,1.1930435070361486e-17,1.4724496736285828e-16,3.1694420865009867e-17,5.023783756499969e-16,-1.6672485643037898e-16,6.734871789164896e-17,-1.8380739516987407e-16
78,-1.5761787680012512e-16,3.585211493478116e-17,-1.9827093664409126e-16,3.312291669627502e-16,-9.023013830958756e-17,3.1699078528939026e-17,-2.1734235808483536e-16,1.0888906651952269e-16,-2.779610789145405e-17,2.747972180375677e-16
79,-1.5761009333640402e-16,3.160056111577183e-16,-2.787954941715675e-16,-1.881037270697021e-16,2.431582172940342e-17,3.171001420280182e-17,4.199982436432136e-18,6.785377644217479e-17,3.006301759139833e-17,9.170901097200713e-17
80,-1.5760986851957066e-16,-1.1143378697502002e-16,-4.22411667086223e-17,-4.627065169341139e-16,-6.05086065499071e-18,3.17066737511383e-17,2.2453593794127497e-16,-5.951880834297675e-17,-3.492296923403889e-17,-9.822036067674895e-17
81,-1.576056868803808e-16,-5.171979674898106e-16,-1.4176759943610686e-16,-2.041288239872543e-16,2.1457449531011045e-16,3.1714375717551173e-17,9.897077464041589e-17,3.8565663133435146e-19,-2.634241119672662e-16,3.767297542481272e-16
82,-1.5759652952981634e-16,8.929755016274451e-17,1.244921597517624e-16,3.8227517861928746e-17,-3.08464348222761e-16,3.17128858856825e-17,-2.2023911476036394e-16,1.396214444419525e-16,9.158965261249194e-17,6.008513534293936e-17
83,-1.5762764787739203e-16,1.513806189746323e-16,3.6653830815435415e-16,3.1521806165108215e-16,-2.3876218565957237e-17,3.169076227439833e-17,1.7385815773322366e-17,1.61860341149056e-16,-2.2525271304452876e-16,-2.7843534644770905e-16
84,-1.576178164438044e-16,-2.3096419399990314e-16,-9.710234459163222e-17,4.695069050245043e-16,-5.4192475762047496e-17,3.172341418339851e-17,-9.841031344968241e-17,4.414205954435694e-16,-7.89441899583482e-17,-2.300431580197645e-16
85,-1.5762258833927184e-16,6.497426996801618e-17,-2.560035399902407e-16,-3.112682367536575e-16,1.1839606693446047e-16,3.169797919467908e-17,3.440448614362056e-16,-3.4293994458853737e-16,-4.516374891855294e-18,-3.9178663281264803e-16
86,-1.5762443027848195e-16,-1.3151702681263525e-16,-4.740786861234935e-16,-4.0331733110546185e-16,2.271861732433439e-16,3.1688474382797934e-17,4.769892095193131e-16,-9.52037738194543e-17,-1.037952291687835e-17,2.2099721093535427e-16
87,-1.576207647831113e-16,-1.4226907576372012e-16,-6.550715041122875e-17,-1.7730512817761752e-16,-2.486279532255479e-16,3.1706671901867354e-17,1.7994665607449016e-16,1.3418779332121578e-16,6.994062560115204e-17,6.490513915114976e-17
88,-1.576101255871619e-16,1.9945085735066585e-16,2.887761976163231e-16,6.919318375112642e-17,9.607854389104133e-17,3.1710247762871867e-17,-5.5123574802503545e-17,-2.0865262622418495e-17,2.8481391879371274e-17,-2.1666337070992326e-16
89,-1.576182280148113e-16,-3.2053462393414726e-16,-2.814947603044968e-16,8.953420455200601e-17,-2.8872664575284745e-16,3.171144885871159e-17,-2.8651831645931115e-16,2.4621264459745476e-16,-1.905528881787047e-17,-1.792861768595814e-16
90,-1.5762128555768894e-16,3.067686572772268e-16,5.0619675356565105e-17,1.5011367366210324e-16,-3.6996319322727414e-17,3.172499712030634e-17,-5.366555185051369e-16,-8.609980056461884e-17,2.941307880433804e-16,1.921276790539196e-17
91,-1.5760342542319283e-16,-1.5247198542937633e-16,-2.0685626057030917e-16,-7.706053818132371e-17,8.132297705987175e-17,3.172599225182057e-17,2.0396652068800538e-16,-4.9744346787726e-16,-7.578922520625249e-17,-1.264203729207789e-16
92,-1.5760501324004954e-16,-1.3056275163671327e-16,1.3968021311002596e-16,1.807687449937373e-16,2.500530088165998e-16,3.171236689407669e-17,-3.26700162557588e-16,-1.9160438305073237e-16,-3.9155079595532695e-16,-1.1233722212034336e-16
93,-1.5761783018791306e-16,-1.7600268457764593e-16,-2.3647693356099763e-17,-8.454341781936174e-17,-5.524941089128034e-16,3.1710321093752156e-17,6.335091775579811e-17,-5.470629212309865e-16,1.2328766408743176e-16,3.5239828159356522e-16
94,-1.5760788889428182e-16,-7.151271543146151e-17,-1.52522576177159e-16,-3.3973315207606134e-16,-1.6508911965832033e-16,3.172130641517438e-17,-8.789190188535933e-17,3.9712854191476946e-16,-5.636571432394781e-16,-2.8044999150643413e-16
95,-1.5761404935627747e-16,-2.105517121602173e-16,-2.400840120525244e-16,-1.5800214491610744e-16,-1.766143747283984e-16,3.1699226856103003e-17,1.3377610004966413e-16,2.8287697164849735e-16,-3.1708901440542925e-16,-3.003380248714096e-17
96,-1.5760373602577943e-16,1.7026249197147685e-17,2.8833747854248785e-16,-5.173752354992211e-17,-7.9330536880502e-17,3.170359081988308e-17,-3.3701651374815596e-17,-2.999543082062338e-16,6.338816526932742e-16,-6.105116318025167e-17
97,-1.57615238275946e-16,-1.0583980218297566e-16,-3.237179270195171e-16,4.9760861270183375e-17,1.732138657029635e-16,3.171158467624259e-17,-2.635534572913206e-16,3.0906483560921736e-16,9.094475756233577e-17,-3.8375126690426e-16
98,-1.5761427945055836e-16,1.3448459245424913e-16,-7.906983193779955e-17,-1.5004926135655438e-16,-1.283220806766048e-16,3.17040839663116e-17,8.614773999638148e-17,4.429315210610607e-18,-1.9813625521502725e-16,8.548932292190822e-17
99,-1.5761385911740238e-16,1.7839898218391944e-16,1.0793440377289523e-16,-1.5925521508481593e-16,1.0356521729333753e-16,3.171585539113126e-17,4.5166228288954185e-17,-7.208201980427123e-17,1.2491303670652782e-16,9.368772878261087e-17
