Index,c_T_M,c_T_Q,c_T_X,c_T_X_1,c_T_X_2,c_T_Y,c_T_Y_1,c_T_Y_2,c_T_Z,c_T_Z_1,c_T_Z_2,c_T_u
0,3.630556346357043e-16,5.4626282926335103e-17,-2.0072017066374635e-17,-1.553596701281029e-17,-2.6795289093883552e-17,-1.8256417559142764e-17,-1.8429616775037197e-17,-1.485835519448307e-17,2.4633750289638794e-17,1.423158347760865e-17,8.037674872116349e-17,3.0747324816445184e-17
1,-1.1446207510012263e-16,5.4758682129648113e-17,-1.6368204562006064e-18,6.643386778874628e-18,-1.415374019612087e-17,-7.174279568574648e-18,-8.239080947415173e-18,1.3308892168470886e-17,-1.3605351516594117e-17,-1.2293651283962057e-17,-2.0673802077528884e-17,-9.396825104157805e-18
2,-1.6472873160128173e-16,5.4826666049357e-17,2.2557049932958448e-17,4.65667885575427e-17,-1.3743692798597592e-17,-3.3532427659391454e-17,-3.276632317232945e-17,-4.826740794076883e-17,-4.422134981844273e-17,-4.8746703782149766e-17,-1.9830567530599856e-17,-1.9096210204216804e-17
3,-6.772739944647169e-18,5.473703750415422e-17,8.254689193306717e-18,-1.494738367251074e-17,4.3342991311127743e-17,1.907769431947583e-17,2.0017110582957888e-17,1.0140396539970004e-18,-9.293343442517401e-18,-2.003990424450578e-17,4.8632078757553124e-17,1.6402045774604987e-17
4,-4.2803037093867605e-16,5.482999271645632e-17,6.143929348013918e-19,5.292322644772109e-18,-6.462023247455794e-18,3.909712493468861e-17,3.813222465912191e-17,5.76458944153631e-17,-2.0228164262447925e-17,-1.0014463617152296e-17,-7.528375899069903e-17,-3.9678936192524696e-17
5,-1.1919846467521443e-16,5.475875402215832e-17,-1.5860393240555988e-17,-2.2637741922684435e-17,-5.610035062317449e-18,1.4249673363103817e-17,1.5341384395228696e-17,-6.740382706336959e-18,1.9724336018742824e-17,1.775583784897877e-17,3.033547506335366e-17,-5.26391031471709e-18
6,-2.9216699163939207e-16,5.470198900735612e-17,8.108092356840757e-17,1.1358728325129708e-16,3.1899246699789726e-17,1.485108135286692e-17,1.7796046013782533e-17,-4.17516713697286e-17,1.5742169766659704e-17,2.0114823942678246e-17,-7.829216683480251e-18,-2.033056267373178e-17
7,1.213435265516331e-16,5.493527977265689e-17,1.0034178671448136e-16,1.799375602933192e-16,-2.0049974324240063e-17,3.743980487259367e-17,4.026291350603619e-17,-1.6837995199528342e-17,-8.45333986262534e-18,-3.4382052242861e-18,-3.548922957052929e-17,2.023893903791377e-17
8,-2.5199605039162696e-16,5.4804778101629177e-17,1.8014309524253373e-17,9.668388151980071e-18,3.064264339446029e-17,-2.7720993197056548e-18,-1.5132748079981976e-18,-2.69649681681048e-17,-8.271841575311565e-17,-9.770029989958159e-17,-1.9515647521664192e-18,-2.9384423669281775e-17
9,-2.1129863353629418e-16,5.4774478732077304e-17,1.3326984759682164e-17,4.747478269038224e-17,-3.832403979912463e-17,-3.223423774001142e-17,-3.4590391217339114e-17,1.306341434098253e-17,1.0720985874284076e-17,4.939169891309648e-18,4.189118742449294e-17,-2.193351630565207e-17
10,1.1724450129287275e-16,5.4763866219611804e-17,-5.434972375876759e-17,-5.864882187193887e-17,-4.78444297800736e-17,-1.315188059041157e-17,-1.5804424565299012e-17,3.782366934934975e-17,6.487786657494959e-17,7.891131348770474e-17,-1.077997198975707e-17,-3.74497897971529e-18
11,3.397181202456565e-16,5.478305238281552e-17,-1.9266135263555587e-17,-1.6740689969436426e-17,-2.3086184445980018e-17,6.249479022322199e-18,8.444998018528924e-18,-3.595873949889804e-17,4.8016836756097656e-17,5.518162255860452e-17,9.388204706588394e-18,3.156498320001657e-17
12,-1.1673922737889757e-16,5.479173020185802e-17,-4.89834416942907e-17,-5.83850997889652e-17,-3.475692984234377e-17,-8.954403351995179e-18,-1.2976006989003978e-17,6.832992251340688e-17,-1.0965725530990865e-17,-1.5282549722428378e-17,1.230876868828696e-17,-1.7860548691457777e-17
13,-3.1683973413333934e-17,5.4757484000517163e-17,1.73970096480579e-17,2.492893660896548e-17,6.00384560788329e-18,3.323558582587689e-17,3.6319000190215755e-17,-2.6040567660637807e-17,-1.2326548924166017e-18,-8.256321988535916e-18,3.66369053786053e-17,1.3662986351378783e-18
14,4.0395188524249983e-16,5.476195385632043e-17,-3.28613380630433e-17,-7.134437827435746e-17,2.5371774817620524e-17,3.477305161511285e-17,3.1881508407572127e-17,9.034074018056207e-17,4.614849597474204e-17,4.1225942954763635e-17,7.269041928283404e-17,3.4367999815233634e-17
15,-2.0061603296507018e-16,5.479024148496772e-17,7.201266699620702e-17,9.941686251328452e-17,3.055825158473351e-17,-4.2396095342399637e-17,-4.6834049584677354e-17,4.2918300784449787e-17,1.4604741726016475e-18,-6.102871124106384e-19,1.2626201065769942e-17,-1.9743476629397954e-17
16,-1.6522394866864564e-16,5.476914163298321e-17,-1.6387399701071775e-17,-3.217434059606704e-17,7.501741141143706e-18,-5.3865586213989535e-17,-5.893190421729488e-17,4.3495603017326546e-17,-6.609781385124472e-17,-8.305873472193452e-17,2.5359597508248098e-17,-1.3516978277919499e-17
17,7.677453477030489e-17,5.4770604283762156e-17,-2.4248029808293987e-17,-1.0042013442220012e-18,-5.940998511433344e-17,4.5176122255546715e-18,6.3036403282424695e-18,-2.981509634535083e-17,4.616441890642072e-17,5.0127829840478326e-17,2.4792786218758466e-17,1.7588567839402485e-17
18,2.4947570477261535e-17,5.4778930033057026e-17,4.3971784550384174e-17,3.758362978266771e-17,5.363816967462542e-17,-5.255806168354025e-17,-4.7890894681732526e-17,-1.4225000804629408e-16,-5.589627002060889e-17,-6.207107975068343e-17,-2.259939192648078e-17,-1.72812286359526e-18
19,1.2596135560278877e-16,5.477441879537683e-17,-3.311720788359774e-17,-7.379997268164774e-17,2.842834506420692e-17,1.4347580727546605e-17,1.5809786046582407e-17,-1.3759766970268574e-17,-1.0337547890790623e-16,-1.3964295917422193e-16,9.219684510055617e-17,-9.163088875436302e-18
20,-1.336777396732551e-16,5.479965887786254e-17,-5.280530934720784e-17,-9.144520827870703e-17,5.6633385059437205e-18,3.533478519415231e-19,-3.4692410761946635e-18,7.381521781585346e-17,-5.387023389989631e-17,-6.427229965695365e-17,2.2226105698158047e-18,-1.6026158721743594e-17
21,7.584263987650514e-17,5.4782192871551655e-17,6.877550467919417e-18,2.548127199947715e-18,1.342728676387116e-17,-2.0048499832919763e-18,-5.809056014722644e-18,7.111836133620651e-17,-5.518904240040896e-17,-5.966637103564247e-17,-3.104499119604198e-17,-8.906592650237655e-18
22,-7.913623844872783e-17,5.47721462317393e-17,-7.972989417572026e-18,7.382904469489265e-18,-3.120848523441154e-17,2.1973414379873007e-17,2.3237907458464455e-17,-2.3276132440726593e-18,1.4212900647900887e-17,2.1064642834739575e-17,-2.2735531802348673e-17,-1.0119949555788679e-18
23,3.2150242955787014e-16,5.4802186148977116e-17,4.2287579544449914e-17,6.644234573520092e-17,5.74387582889004e-18,3.5922002036538755e-17,3.614523616488347e-17,3.1631155114043535e-17,-3.8849401263977335e-17,-3.939804052549501e-17,-3.589083437309757e-17,2.4426107781233136e-17
24,-2.311562157197753e-16,5.476398235983899e-17,3.1338804791245964e-17,2.573468910429974e-17,3.981825943572289e-17,-2.1973548169788864e-17,-1.0609269956107214e-17,-2.4037876985705944e-16,3.857912326785877e-17,3.878330582907636e-17,3.747807475656603e-17,-1.6832779314938937e-17
25,-2.905499969494967e-16,5.4751648509568053e-17,-7.35982345820915e-17,-1.029776689149095e-16,-2.914865843490559e-17,9.387933562890223e-18,9.27635946072069e-18,1.1532448861469007e-17,2.3899046460245473e-17,2.687168358533869e-17,7.869109729025085e-18,-1.3019163818631667e-17
26,-9.35597251738287e-17,5.477011118302978e-17,1.6504192486619097e-18,-3.167738040961919e-17,5.207710243688669e-17,-3.95079901283717e-17,-4.765574435304743e-17,1.170842145623427e-16,3.458243255733309e-17,3.400866340955241e-17,3.767644869543827e-17,5.3097560243416575e-18
27,5.106226005468211e-16,5.479526150570109e-17,8.362083684518235e-17,1.3026363717786205e-16,1.3050300555553307e-17,2.6949887451764187e-18,-1.2045414636427565e-18,7.764479553463549e-17,9.90127207641905e-18,1.7771874346442857e-18,5.371034673683009e-17,3.4721587596988326e-17
28,-2.5871879894358918e-17,5.474197417208646e-17,6.249382894293384e-17,1.4176986285248333e-16,-5.745450307127812e-17,1.2903958658551803e-17,1.3963312108290586e-17,-7.456247367202868e-18,-3.644193278090003e-17,-4.0017561235732966e-17,-1.7160641163176298e-17,1.3817668746619535e-18
29,2.500016266144941e-16,5.477982325442447e-17,-4.2062970901780145e-17,-8.747092532005677e-17,2.6640122709277864e-17,-1.952794895909082e-17,-2.3952754790285417e-17,6.551566649635742e-17,-4.588277807183392e-17,-5.450614358619055e-17,6.170275728387318e-19,1.7752663585543326e-17
30,-2.7262464078855614e-16,5.4771797960689195e-17,7.830310941511369e-18,3.247611004088717e-17,-2.9458970609320695e-17,2.6222379203982186e-17,2.916761649281175e-17,-3.038428130558117e-17,-6.781862301468903e-18,-5.294223303486501e-18,-1.4803566158671376e-17,-2.3867809655172625e-17
31,-4.900613304669766e-16,5.4779002170296467e-17,2.2047908477261212e-17,3.4851329270782264e-17,2.675469177953164e-18,9.334783900670195e-18,1.2596935677521975e-17,-5.336150645862711e-17,-6.649186960291014e-17,-5.821713699070093e-17,-1.1111151786630383e-16,-5.4539603347639016e-17
32,1.0605608542969478e-16,5.478755777992693e-17,-4.460098754043384e-17,-7.223405643980229e-17,-2.7925233549370523e-18,2.2541584701054978e-17,1.974435867459293e-17,7.630413931049537e-17,-2.8290862795002466e-17,-3.212189302900486e-17,-7.633177969273412e-18,3.0525171126108648e-18
33,5.853874042915822e-17,5.475934757966118e-17,-2.778555012905175e-17,-2.6455246903661642e-17,-2.979840747259451e-17,2.7874148637756546e-17,2.757705731233449e-17,3.358385533358259e-17,2.4469198720875104e-17,3.3798199316305334e-17,-2.5834323639080838e-17,1.0713381348351256e-18
34,-1.1395397350082047e-16,5.476760819739255e-17,2.4177664974965037e-17,3.1381688144996535e-17,1.3278052797105277e-17,-4.0194941803229253e-17,-4.728762487090186e-17,9.612900239635055e-17,9.034481190942752e-17,1.1769895066551983e-16,-5.715387419097677e-17,-6.376964440076007e-18
35,-1.2703351075552268e-16,5.477559283814637e-17,8.796738936875955e-17,1.2228102324527474e-16,3.604716786990332e-17,-3.576068589094766e-17,-3.6707354028199654e-17,-1.756698117688122e-17,-7.968665311854875e-18,-5.026036857439981e-18,-2.3835813586148137e-17,-2.1931248260227042e-17
36,-1.4228217635590097e-16,5.475926263653403e-17,7.76602731170161e-17,6.788034735205369e-17,9.245707000421575e-17,-9.983456729488838e-17,-1.0679559423937956e-16,3.3961562282676404e-17,-2.052040729024432e-17,-2.9731138406927446e-17,2.914614488212528e-17,-7.02736281404087e-18
37,-2.136731729409803e-16,5.4776095199443715e-17,4.223952160198077e-17,2.0895080293975395e-17,7.45361723454504e-17,-5.61607945521497e-18,-1.1778176261300401e-17,1.128079860920559e-16,1.1325241726127534e-17,2.3588268105375605e-17,-5.4799034192897505e-17,-2.6108829232912628e-17
38,-4.4784969776468124e-17,5.476831236243808e-17,-3.898826008995427e-17,-8.071924615986085e-17,2.4148770664022728e-17,-2.2563364114069392e-17,-2.5068374127130536e-17,2.5584177077990962e-17,4.7861295740184413e-17,5.5327892593093094e-17,7.599570066856536e-18,-3.269680223822224e-20
39,-1.1864983214511317e-16,5.477751863603235e-17,1.910972312401841e-17,6.129254592702196e-17,-4.471866779986002e-17,3.551181031206327e-17,3.882706168618368e-17,-2.820077875342133e-17,-2.8100050149713277e-17,-1.4317587276135515e-17,-1.0241830336138365e-16,-1.7576099187292782e-17
40,1.0967910441773334e-16,5.4776286111144947e-17,9.055952751922827e-19,-4.762766641398974e-18,9.481548359937693e-18,-3.409259350159756e-17,-3.208455342311842e-17,-7.268775776796612e-17,1.4039311833313223e-18,-1.1602380312592147e-17,7.153743333385526e-17,1.0227582264445146e-17
41,1.7006374581375653e-16,5.478725173164674e-17,5.651035737346648e-17,9.082701436240313e-17,4.584650100393683e-18,-1.4299724405847595e-17,-1.7366262205089177e-17,4.4633381312613615e-17,-4.683572784676119e-17,-3.337034698743242e-17,-1.194462760581867e-16,2.3864729721090122e-17
42,-3.5037987005090396e-17,5.477952092510445e-17,8.612623791546135e-17,1.0519617664549471e-16,5.72740839444839e-17,4.1921805526571933e-17,4.1168930166435643e-17,5.639239698033844e-17,-3.8407046878675414e-17,-5.610045354434495e-17,5.700386188563383e-17,5.094818009237026e-18
43,2.3983656141679177e-16,5.4774325083877076e-17,2.054276859944868e-17,2.949573485826359e-17,6.995604188330313e-18,5.780028708797195e-17,6.133417110057711e-17,-1.0114510587288927e-17,-2.6900492709578508e-17,-3.5445462783795625e-17,1.9178407164847953e-17,2.2146942379797137e-17
44,-2.943754279447764e-16,5.4777790188670713e-17,-2.2331127940624805e-17,-6.478795022591176e-17,4.190445881117641e-17,-6.594292481687567e-18,-3.506700054158298e-18,-6.593829570880321e-17,-2.6266880757612902e-17,-3.800283121967074e-17,3.701939434517787e-17,-7.113558104067713e-18
45,-1.9749909119605226e-16,5.476038537583644e-17,-1.921998776220612e-17,-3.471321551622256e-17,4.223483538634179e-18,4.86099810188478e-17,5.539226876391038e-17,-8.173292686673836e-17,3.5557580471887377e-17,4.987993021203274e-17,-4.16762814435561e-17,-1.0221416539391548e-17
46,8.185892224993729e-17,5.4768709075382634e-17,5.210306606324823e-18,-8.843337490178747e-18,2.647322818634097e-17,-3.791132621547343e-17,-4.253450519462109e-17,5.0946408640310475e-17,-3.8688684852956724e-17,-5.555988501580561e-17,5.2289713167280643e-17,8.035172562567942e-19
47,-2.626728613427118e-17,5.477296406306786e-17,5.922113390709799e-17,9.738202983187906e-17,1.4788889191066541e-18,-1.068940465924566e-17,-1.3463263011191964e-17,4.261952478696538e-17,-4.615837606879853e-17,-6.632017091936602e-17,6.256641985639882e-17,8.033405935266209e-18
48,-3.2518322838639665e-16,5.4770715946895415e-17,1.4978131598938745e-17,2.4269215251790026e-17,9.20681656876709e-19,-4.916074418590953e-17,-5.117820016101979e-17,-1.0385360099742328e-17,-3.076839806425655e-17,-3.1361097812258595e-17,-2.757218911098517e-17,-2.4109215781936548e-17
49,-1.2459111069177453e-16,5.476703289091418e-17,-4.865893167645959e-17,-6.712625783421426e-17,-2.071585010428483e-17,-2.5977845275304954e-17,-2.3384577241490376e-17,-7.581614078290886e-17,1.4124082915708072e-18,2.063056933728703e-17,-1.0222224850939654e-16,-2.2145643352549962e-17
50,-2.799481692485532e-16,5.4769771583081515e-17,-5.96798839675723e-17,-8.646042212098878e-17,-1.9160453337022853e-17,-1.7159372547514337e-17,-1.675384483027773e-17,-2.4953465464671363e-17,1.0243380165802643e-17,-2.0054270345693055e-18,7.629578105647178e-17,-1.9661133482283536e-17
51,-5.9502144683518634e-18,5.4772714759705146e-17,2.4924210413421752e-17,2.695233951568235e-17,2.1855461718753463e-17,-2.307547174036828e-17,-2.648559671068204e-17,4.2462255260896255e-17,-4.802689990637443e-17,-4.781125291967232e-17,-4.9189781966970865e-17,1.8784402405567125e-18
52,2.662831588567851e-16,5.4775545954287293e-17,4.4669252051012617e-17,1.810221260709284e-17,8.486583121926612e-17,-2.0798469508101815e-17,-2.1135237813129478e-17,-1.432600440612588e-17,-1.6546656780753623e-17,-2.1751062862941757e-18,-9.404497741791754e-17,2.4535893186065218e-17
53,1.511080607063662e-16,5.476406631127178e-17,-5.09347660416747e-17,-8.784826595984566e-17,4.917974208399756e-18,9.000647830331408e-18,6.199984537221894e-18,6.282637617264053e-17,3.008325952587298e-17,3.3865860241875676e-17,9.685663220828843e-18,5.498398194802295e-18
54,7.139074663298782e-17,5.477317558983219e-17,8.39895969944103e-18,3.125662886027821e-17,-2.6185961595282785e-17,-1.5444130311086648e-17,-1.0957931118944894e-17,-1.0166461930393611e-16,-4.804218614892347e-17,-6.127837027685913e-17,2.3333054531130398e-17,5.321643636518418e-18
55,2.4128500331710043e-16,5.477577073712924e-17,-9.808383924515454e-18,8.30896146330877e-18,-3.7220957064873086e-17,-5.61417067916169e-17,-5.0245753535745406e-17,-1.6945653009899322e-16,-3.234368447226093e-17,-4.759917995237676e-17,4.9919953512719793e-17,1.4166891629170043e-17
56,1.4476249846871811e-16,5.477825678557841e-17,-4.0541351237364505e-17,-5.0015750933646875e-17,-2.62058706132393e-17,-3.767707425963393e-17,-4.1548076161320823e-17,3.671909943083021e-17,1.2655677445820702e-17,-6.678025782834088e-19,8.4501085809867e-17,1.705999668830487e-17
57,1.119835730183236e-16,5.4773455239841456e-17,9.002668026188513e-18,-1.0823049543115239e-17,3.8999928287695825e-17,-2.795246351894882e-17,-2.9473794897363454e-17,1.2861444673130549e-18,-1.1863213865779763e-17,-5.494848335431427e-18,-4.6203753307332046e-17,1.1573502441224098e-17
58,-8.342218024979759e-17,5.4772866077251297e-17,-1.5717749090624085e-17,-2.7507145856065462e-17,2.120503822932514e-18,4.0851745080165645e-18,4.341964069527005e-18,-8.499817374853389e-19,3.254942573130151e-17,2.3670248104815745e-17,8.042898514412071e-17,-1.9128750496974404e-17
59,-1.0040712331715401e-16,5.47718151360223e-17,3.282672172142957e-17,9.53631383128843e-17,-6.179289997181439e-17,-2.2238056691004474e-17,-1.978590167254216e-17,-6.936706651707251e-17,-2.8499056932847316e-17,-3.130208895342353e-17,-1.3384133676477307e-17,-1.2702360384246131e-17
60,-2.895064839109721e-16,5.4771662686497975e-17,-7.173823294768406e-18,-3.598720254912476e-18,-1.2583350305575237e-17,4.054205430378906e-17,4.499295566307661e-17,-4.4997816824385726e-17,-3.3750126906937794e-17,-3.1200381053637994e-17,-4.749926988082317e-17,-3.301777636388903e-17
61,7.564720977894656e-17,5.4777111017481334e-17,2.9805211359626604e-17,2.1706817331149737e-17,4.205830980078694e-17,-6.970206987935658e-17,-7.34557109829515e-17,2.4418507309911726e-18,4.3519982214024153e-17,4.6087137506633425e-17,2.9676868079570634e-17,3.986869144781516e-18
62,-2.458469530649574e-16,5.477748730456113e-17,-2.92470522580058e-17,-9.248099770305632e-17,6.643359124023184e-17,-9.861880706840116e-18,-6.459368290105367e-18,-7.52521897473639e-17,8.463603173468886e-18,1.0958410422907082e-17,-4.9892986254530005e-18,-1.4015972226530414e-17
63,-4.790047142253754e-17,5.47693130196393e-17,-1.3325155376550627e-19,3.3432440470683043e-18,-5.393237925991998e-18,2.7096770043529623e-17,3.2779724134954076e-17,-8.212693658246103e-17,2.4127738319774578e-17,2.3867199187767293e-17,2.553265755722476e-17,1.835570720584977e-19
64,4.2835742147875437e-16,5.4771271578814907e-17,-2.4246523616152303e-17,-3.498735173190559e-17,-7.994096451149367e-18,6.598561742679243e-17,7.898092267701719e-17,-1.8376465854145414e-16,-1.86275527019109e-17,-3.1157980241785736e-17,4.894240961504545e-17,4.626071252402836e-17
65,-2.457008482539357e-16,5.476876360094472e-17,-1.7699619841528035e-18,-1.3526386733204217e-17,1.6017579774036036e-17,3.204468691047172e-18,5.471855200882824e-18,-4.037399576220305e-17,-3.812617479920731e-17,-4.640705149618776e-17,6.5275523040623115e-18,-1.5139238348020678e-17
66,3.5564132287946236e-16,5.4783351876355294e-17,-1.0294094522893129e-16,-1.3558021279755697e-16,-5.3553023302176e-17,2.2008998491782164e-17,2.2862706948393175e-17,5.60217065501046e-18,4.0842360147604746e-17,5.3857768767652534e-17,-2.934270287903475e-17,1.6407677135445645e-17
67,-9.385284273818364e-17,5.4773820912069025e-17,2.0539514261341942e-17,1.6493195535384127e-17,2.666161453756248e-17,-1.770874508997083e-17,-1.3398584822102702e-17,-1.0054811361816355e-16,-2.1591875226072185e-17,-3.599488504987856e-17,5.607505951930426e-17,1.3530947769533852e-18
68,2.413795995826839e-16,5.4772645200295425e-17,5.287940913281046e-17,1.1695849861205387e-16,-4.408096604375225e-17,-8.824906152891892e-18,-1.1142763739348203e-17,3.57205359954985e-17,-4.746424832267168e-17,-5.2926444947552475e-17,-1.800967242102869e-17,2.8291362314085916e-17
69,1.7689694284933017e-16,5.477124029933427e-17,-6.688109541816707e-18,-3.3020500583429126e-17,3.315318438554772e-17,9.749754697889248e-18,1.0325986101930831e-17,-1.3251502382823184e-18,3.9101408009326443e-17,4.8033369975516024e-17,-9.063735396565913e-18,5.7494012930213886e-18
70,-9.348786074402282e-17,5.477536029352058e-17,-3.077109605053831e-17,-7.429314549365559e-18,-6.608978113018216e-17,2.157211148078633e-17,2.1381060347350817e-17,2.5243775622670832e-17,-5.852070960076898e-18,-1.8641034575461196e-17,6.311221822299298e-17,-1.4561413668909127e-17
71,-2.570409336169246e-16,5.477471028040575e-17,1.9068281485046015e-17,3.938135747826453e-17,-1.1665771030677533e-17,-4.4674011932171226e-17,-4.343257978770853e-17,-6.85338182763505e-17,6.25011620069247e-17,5.983374860794121e-17,7.688517960909899e-17,-4.520609191078879e-18
72,-2.061041935573709e-16,5.477242766785931e-17,-3.782887140167827e-17,-3.52949916706982e-17,-4.1662951934197867e-17,-2.7407152696877883e-17,-2.7792257735291926e-17,-2.0006137888882443e-17,4.833362398494849e-19,2.2287503586380274e-18,-8.928821335631943e-18,-2.1804446275738253e-17
73,-2.483991383321126e-16,5.476870468125889e-17,1.1431068222627233e-17,-5.813362187860506e-18,3.7522409750737094e-17,2.4265938379073734e-17,2.8380875615388896e-17,-5.482108384626391e-17,5.727643831561794e-17,6.055600444120427e-17,3.959117549014663e-17,-2.143281074481774e-17
74,2.767771597096374e-16,5.476914844959135e-17,3.9855132459515095e-17,6.395173432233005e-17,3.394083715685901e-18,1.868963177677506e-17,1.771778291837538e-17,3.736699703438981e-17,1.4441677037433875e-17,1.7907720406102465e-17,-4.249196773255859e-18,3.5641114193718594e-17
75,6.449246481117468e-17,5.4773170130936517e-17,-1.5878346216006296e-17,-2.15423363434559e-17,-7.308483431290901e-18,8.660772117232232e-18,5.26684597470348e-18,7.388893170709766e-17,-1.5054708424335963e-17,-3.401066132283803e-17,8.716547833887789e-17,1.0444216930692656e-17
76,-9.77529618324908e-17,5.4771651754931986e-17,-5.241338144634646e-17,-6.873389462092655e-17,-2.771903306009784e-17,-2.5414217831606125e-18,-1.6780439280972476e-18,-1.9134377712255636e-17,3.889533254704337e-18,7.300949507425504e-18,-1.4506723332872567e-17,-1.3905550823259364e-17
77,-1.330751109148974e-17,5.47706493261916e-17,-1.4887369483201116e-17,-4.096602829284397e-17,2.4571042869739363e-17,3.4371778875985303e-18,6.276854150148348e-18,-5.1138311113934744e-17,1.8942677681818884e-17,2.5492176748913997e-18,1.0734493982300342e-16,-3.508955301099061e-18
78,2.9270973821703225e-17,5.4773681327743965e-17,8.728844645341748e-18,2.5103543197838203e-17,-1.6047504725933515e-17,3.1556244025081116e-17,2.922014022629961e-17,7.645321134256583e-17,5.243860736697396e-17,7.077489143364603e-17,-4.644029974303783e-17,3.6956862477296565e-18
79,3.066354877518067e-16,5.4770976501552037e-17,-8.052287608159467e-18,-6.765070879982803e-18,-9.999936935201943e-18,4.0317245321148206e-17,4.108743102766026e-17,2.551499046435765e-17,-3.376496031226204e-17,-4.0192779469567436e-17,8.974248967487017e-19,2.797729934800614e-17
80,-1.124302448295841e-16,5.4770898375606946e-17,4.50393119044398e-18,1.6834512800532707e-18,8.771572653665882e-18,4.565847673343047e-18,6.225283621694264e-18,-2.7326557548832005e-17,-7.589672858477553e-17,-9.886811539557212e-17,4.797737704219981e-17,-9.459226958283706e-18
81,-5.397414919416652e-16,5.476944521701185e-17,-3.596587937401247e-17,-5.969823623332879e-17,-5.68360700641695e-20,2.5043485289896205e-17,2.0892972037071208e-17,1.0481255860686112e-16,-3.348569098236767e-17,-4.361691782354567e-17,2.1147430627892198e-17,-4.2209638757559293e-17
82,1.0134262322707019e-16,5.4766262952336e-17,4.348269614919842e-17,8.581997363269344e-17,-2.0576682867624586e-17,-1.661280166783854e-17,-1.8347007517048503e-17,1.6716695983044512e-17,-4.712219260368492e-19,8.168207079299981e-18,-4.705925984579738e-17,6.517172288493041e-18
83,1.0451662249841895e-16,5.4777076868169403e-17,-5.492377181947478e-18,6.6427658806752164e-18,-2.3854135888519075e-17,-5.5178177711875164e-17,-5.40185109520439e-17,-7.746539990189071e-17,5.739848472061148e-17,6.735374271489984e-17,3.714887898083685e-18,1.7407593074444987e-17
84,-2.3418987610608666e-16,5.477366035335994e-17,-1.6808610914560374e-17,1.507725890458715e-17,-6.505427328863207e-17,1.0437248309171079e-17,1.4310438903928564e-17,-6.400187856192896e-17,8.133812184214372e-17,1.0032117803862783e-16,-2.1027674930377207e-17,-1.9496153352501047e-17
85,6.115622392266582e-17,5.4775318631513213e-17,2.7821900730834e-19,-3.293977861970715e-17,5.054070677067693e-17,3.047121941708402e-17,3.7728471270460707e-17,-1.0900163565528773e-16,-4.4605306504950335e-17,-6.650976985206141e-17,7.3513265572985e-17,5.9312412755998645e-18
86,-1.2724070705074765e-16,5.477595872255725e-17,-3.2472708568645235e-17,-6.320701730942415e-17,1.4030637410418816e-17,6.945269292192305e-17,6.986725296857161e-17,6.148514382503095e-17,-5.675345520917524e-17,-8.617822090983628e-17,1.019199481383429e-16,-1.1679435784269591e-17
87,-1.2329060748262804e-16,5.477468492875025e-17,3.377864256839466e-17,6.917248140053491e-17,-1.9775899604196914e-17,1.006974261427141e-17,9.654103386203213e-18,1.805770217099909e-17,-2.5943953774854085e-17,-3.788540517873777e-17,3.8449829658122864e-17,-1.3990777783003917e-17
88,1.9521808891960553e-16,5.4770987708991004e-17,-1.487030660757573e-17,-2.6730668068785037e-17,3.075013968285532e-18,-4.3434782283081844e-17,-4.2558335231519335e-17,-6.027939652873011e-17,1.0629353370087088e-17,1.478474891821656e-17,-1.1778446499309644e-17,1.7499374460083116e-17
89,-3.0900856291943254e-16,5.477380337812105e-17,3.3926507171360286e-17,8.032861258790045e-17,-3.6285539990866324e-17,3.696631165508014e-17,4.148523484221468e-17,-4.9880432080547186e-17,6.561198940162595e-18,1.913108578230585e-17,-6.122136805494326e-17,-2.856954166434272e-17
90,3.4452078286638313e-16,5.4774865902770065e-17,1.1246406430090162e-17,1.0292998743862272e-17,1.2688941145573434e-17,-6.8267412447952925e-18,-7.4600646830236e-18,5.345315413439834e-18,9.119407190147551e-18,3.2075312248501124e-17,-1.1466905649567837e-16,2.2731633726069618e-17
91,-1.5878736222180282e-16,5.476865933956023e-17,1.5548731377784242e-17,-2.2625421016143703e-17,7.331063307640595e-17,2.7237948434392972e-17,3.048540064851978e-17,-3.5172275607233235e-17,-7.072173084022423e-18,-1.6465793980681863e-17,4.358223791148057e-17,-1.2474799419750498e-17
92,-1.9372966313811144e-16,5.476921112071781e-17,-3.064928599185019e-17,-6.956895585197095e-17,2.8237658203865013e-17,-2.111299694111977e-17,-2.0585343888503818e-17,-3.125410601219852e-17,2.1662967120167146e-17,3.862548826494797e-17,-6.980716326520878e-17,-5.2230386209098915e-18
93,-1.4602346842618576e-16,5.4773665129565806e-17,1.2462988677449965e-16,1.5371316047478507e-16,8.062329023881628e-17,8.161890512285375e-18,3.485074149491395e-18,9.804313337606865e-17,-1.3121262751365796e-17,-1.806468697325682e-17,1.3536411565146612e-17,-1.792255166889164e-17
94,-1.6785577909616678e-16,5.4770210437367196e-17,4.364515200491753e-18,4.593057180757266e-17,-5.85267406258621e-17,1.75072675585719e-17,2.2477984615431362e-17,-7.802590806698396e-17,-6.417396674538516e-17,-7.259196759474275e-17,-1.878016924316491e-17,2.9751143350473623e-18
95,-2.5683492204465033e-16,5.4772351255331704e-17,1.2996325643362872e-17,4.913709175687286e-17,-4.1688937966725443e-17,3.321903676266989e-17,3.538233397696734e-17,-8.355909369709685e-18,-2.4008038636730405e-17,-3.3760869416364824e-17,2.8584405909206397e-17,-1.3676387958381854e-17
96,1.2832065084918667e-16,5.4768767276854164e-17,3.087900443173646e-17,2.207109062223138e-17,4.420570707749286e-17,-4.12320934817108e-17,-4.2493679094445506e-17,-1.6985461187205868e-17,-1.0452081807641203e-17,-1.1054937117609682e-17,-7.201149400757339e-18,-9.059495661530424e-18
97,-8.483983714651604e-17,5.477276441599832e-17,-4.71394719030907e-17,-4.819101290989437e-17,-4.554836925863033e-17,4.0067570187951057e-17,4.770786571839805e-17,-1.0676606161128539e-16,1.5990655956547064e-19,1.0632576793691636e-17,-5.63143864949942e-17,-1.1058643409450883e-17
98,9.319920639493837e-17,5.4772431215239e-17,2.1235155508483147e-17,3.570136271374127e-17,-6.527694565384038e-19,1.225290697735128e-17,1.1652900904179494e-17,2.3784568561345392e-17,-2.4166576341186543e-17,-3.206154904650411e-17,1.840748808870307e-17,1.543169204087491e-17
99,1.9219540224807016e-16,5.477228514554942e-17,-1.3121192156623889e-17,-2.881358662220455e-17,1.0623073467679005e-17,-1.3830865517669184e-17,-1.590681149172868e-17,2.6065503064309464e-17,-2.7195763329881246e-17,-3.402861729002674e-17,9.650825538493402e-18,1.3990380398972307e-17
