Index,c_T_M,c_T_Q,c_T_X,c_T_X_1,c_T_X_2,c_T_Y,c_T_Y_1,c_T_Y_2,c_T_Z,c_T_Z_1,c_T_Z_2,c_T_u
0,2.4444371188395403e-15,8.24624444056012e-16,3.7901794653009726e-16,9.54162067138682e-16,4.129991729841959e-16,4.1531835490819835e-16,4.822528204284744e-16,8.171401553878789e-16,4.640303430138545e-16,7.02327672761784e-16,6.181738556349668e-16,2.310400352026726e-16
1,2.431808071886075e-15,8.12932541426897e-16,3.79135609776715e-16,9.242702037362443e-16,4.15720873477803e-16,4.138003171748361e-16,4.854039093366885e-16,7.915849234749796e-16,4.595007734302014e-16,7.075065815552094e-16,6.042950105618201e-16,2.2984637984937395e-16
2,2.431036548016196e-15,8.123516685070123e-16,3.801411896386383e-16,9.193605412580619e-16,4.1750302203134427e-16,4.1443947124279615e-16,4.873847208443032e-16,7.875417260653745e-16,4.5941367958481e-16,7.069499617426201e-16,6.044441511878285e-16,2.2977345798908854e-16
3,2.4301657318043018e-15,8.12106199612955e-16,3.8056800778168113e-16,9.170915915332358e-16,4.1828297484945814e-16,4.1471730495553127e-16,4.883048312779218e-16,7.855826413022226e-16,4.593578887766962e-16,7.062429413860836e-16,6.047598865921393e-16,2.296911513481443e-16
4,2.4302601487052814e-15,8.121507585942719e-16,3.8067061520809285e-16,9.169010195675019e-16,4.1843732838294903e-16,4.147971995217042e-16,4.884678877442489e-16,7.854469508552556e-16,4.594417224818246e-16,7.059765515265709e-16,6.051188124844371e-16,2.2970007531839407e-16
5,2.429972349753897e-15,8.11983852909391e-16,3.802631019687282e-16,9.179194912238446e-16,4.178000446789545e-16,4.144741912610813e-16,4.877369557453576e-16,7.862984338739146e-16,4.593099882483272e-16,7.062314328813248e-16,6.046578177306291e-16,2.2967287352238687e-16
6,2.429977480542966e-15,8.120929428476173e-16,3.798905572437601e-16,9.196007199151695e-16,4.171486274734808e-16,4.142184931667491e-16,4.869803766075217e-16,7.87732312354355e-16,4.594334855448804e-16,7.057173892239108e-16,6.05263335709485e-16,2.2967335846743947e-16
7,2.4301151951958594e-15,8.12060637259608e-16,3.796496615291584e-16,9.203571959744416e-16,4.167593932373722e-16,4.140395699454483e-16,4.865440005175124e-16,7.883511175720513e-16,4.593615567185651e-16,7.061871119460489e-16,6.048033201703481e-16,2.296863747966414e-16
8,2.4303406119122508e-15,8.120832524212457e-16,3.7968028516384585e-16,9.203509501102424e-16,4.168004845062151e-16,4.14062451120763e-16,4.8657649213677e-16,7.883708484089257e-16,4.59361724274846e-16,7.064196173103749e-16,6.046577723503187e-16,2.2970768043207343e-16
9,2.4303505633411573e-15,8.120721261150769e-16,3.7975990219299027e-16,9.20077159045619e-16,4.169312803270404e-16,4.1411420421991164e-16,4.867073603669203e-16,7.881716595190995e-16,4.593739177698079e-16,7.063605634697139e-16,6.047226287833933e-16,2.297086210079087e-16
10,2.4293920353087186e-15,8.118913018034633e-16,3.797178461020019e-16,9.196142897728082e-16,4.1691872075972187e-16,4.140641933719737e-16,4.867362021936769e-16,7.877047393566982e-16,4.593029703564376e-16,7.056515563468225e-16,6.050064911262985e-16,2.2961802413853104e-16
11,2.4297840554756006e-15,8.119291090822239e-16,3.7991459368908727e-16,9.191878706162673e-16,4.17219029102036e-16,4.141967839349353e-16,4.870077455797082e-16,7.874672927108906e-16,4.593598547565381e-16,7.057719643390204e-16,6.050606167922749e-16,2.296550765758626e-16
12,2.4302165065064692e-15,8.120147894675082e-16,3.800587511543239e-16,9.188043460533266e-16,4.174459218842794e-16,4.1432684402114027e-16,4.873123092409233e-16,7.87074572089023e-16,4.593297456358944e-16,7.064049917556857e-16,6.045940138042295e-16,2.296959504034711e-16
13,2.4300548649852432e-15,8.1208427132539715e-16,3.800312691227838e-16,9.18902948396327e-16,4.1740026310933844e-16,4.1433859313258707e-16,4.873439406750763e-16,7.870218554503292e-16,4.593474095765021e-16,7.062244206290808e-16,6.047476032640747e-16,2.296806725865592e-16
14,2.4301364395287467e-15,8.121141094041345e-16,3.79906273809056e-16,9.19459186063613e-16,4.1718265353309034e-16,4.142502299325478e-16,4.8708570945247795e-16,7.875049824158664e-16,4.593712253471967e-16,7.062091096754828e-16,6.04811568792456e-16,2.2968838274005726e-16
15,2.4302024238421536e-15,8.121199914119436e-16,3.798687568442108e-16,9.19780002745112e-16,4.171030385105964e-16,4.1420632137128796e-16,4.869225886920859e-16,7.878932767049638e-16,4.594412665452243e-16,7.059258484768783e-16,6.0514970559928e-16,2.296946193570579e-16
16,2.429789090678293e-15,8.120385270917953e-16,3.798001941465526e-16,9.194611610202158e-16,4.170420120409968e-16,4.141770006307696e-16,4.869940072522637e-16,7.873894275392837e-16,4.592723526162478e-16,7.063093046777574e-16,6.045231234913803e-16,2.2965555248641e-16
17,2.4299570646748823e-15,8.120877421572098e-16,3.7995042611729507e-16,9.192227713822976e-16,4.1726322399560707e-16,4.142783957206311e-16,4.871792465507609e-16,7.873033588207048e-16,4.593756674902542e-16,7.059942704674591e-16,6.049567710417138e-16,2.2967142882775085e-16
18,2.4304233296350303e-15,8.121292111217082e-16,3.7996541989359566e-16,9.194240339485744e-16,4.1726426332199516e-16,4.1428220641170233e-16,4.871224046634289e-16,7.875695893543679e-16,4.593975599896896e-16,7.063617368481538e-16,6.047758288019302e-16,2.2971549863505994e-16
19,2.4290857613840547e-15,8.117911772866279e-16,3.7967012006520793e-16,9.193670583173107e-16,4.1687858944710863e-16,4.140265425571089e-16,4.867470760849475e-16,7.873995783152286e-16,4.591865514434172e-16,7.058585013164015e-16,6.046103346486705e-16,2.295890761497321e-16
20,2.429802208131969e-15,8.120079771063058e-16,3.797706942854739e-16,9.196117482237916e-16,4.169889128872064e-16,4.141368627691856e-16,4.868774118966821e-16,7.876066825041292e-16,4.592943538064072e-16,7.061849082210764e-16,6.046513488787427e-16,2.29656792304336e-16
21,2.429851059673872e-15,8.120555078020162e-16,3.798673718073754e-16,9.194504767315048e-16,4.1713195486465837e-16,4.142103947926817e-16,4.870203680352236e-16,7.875074636149834e-16,4.593657313337694e-16,7.059160363503707e-16,6.049833101944227e-16,2.2966140958897547e-16
22,2.4303101979960494e-15,8.121226753090948e-16,3.7992744361154693e-16,9.195445712851358e-16,4.1720271091232647e-16,4.142532102888644e-16,4.870510404597461e-16,7.876720427139268e-16,4.594115783252884e-16,7.061792418546431e-16,6.049224464627546e-16,2.2970480581025736e-16
23,2.430320107923368e-15,8.120948567642271e-16,3.7986981610363345e-16,9.196715837151723e-16,4.171145537970223e-16,4.1420639433542057e-16,4.869499529045693e-16,7.877778814701582e-16,4.593753012220774e-16,7.063453246742442e-16,6.047353472637623e-16,2.297057424635011e-16
24,2.430107620656913e-15,8.120202713690338e-16,3.7990682479269487e-16,9.19402119233309e-16,4.1718871423042035e-16,4.142135301201536e-16,4.870034507297693e-16,7.876005547987415e-16,4.593675816302093e-16,7.061184109678262e-16,6.048602415578646e-16,2.296856588765094e-16
25,2.4299813969208785e-15,8.120685944398383e-16,3.7999835041281033e-16,9.190126717703877e-16,4.1734637033481207e-16,4.1430841327404463e-16,4.87267261901692e-16,7.871380510116257e-16,4.593584986892868e-16,7.060858478116626e-16,6.048599742736368e-16,2.2967372863040406e-16
26,2.429374428759952e-15,8.119167004610448e-16,3.799315735994439e-16,9.187477131906367e-16,4.172827218925181e-16,4.142417255709389e-16,4.872248426545569e-16,7.868596034716782e-16,4.59266977105568e-16,7.058379697296684e-16,6.048068779968656e-16,2.296163600263248e-16
27,2.4300906549766634e-15,8.118711387399342e-16,3.799347163374646e-16,9.191493024422539e-16,4.1724928856081657e-16,4.1418139439060106e-16,4.869580301352425e-16,7.875717593540618e-16,4.593271639038986e-16,7.061744609677362e-16,6.047327752114598e-16,2.296840553370558e-16
28,2.4300951924551133e-15,8.120246228799203e-16,3.798227977362498e-16,9.197473687243432e-16,4.1704524133087443e-16,4.1414943059862014e-16,4.868254395250404e-16,7.879133508867315e-16,4.593859939489057e-16,7.06018007911573e-16,6.04965420409577e-16,2.2968448420436953e-16
29,2.429360223793606e-15,8.119966238297693e-16,3.7964687289903837e-16,9.196901106301383e-16,4.1681772353133407e-16,4.1407857936568604e-16,4.868221182593453e-16,7.874398551113409e-16,4.592069383447921e-16,7.061936305174416e-16,6.044464729682457e-16,2.296150174203321e-16
30,2.4300060020064402e-15,8.119406463210767e-16,3.79891263240641e-16,9.194140049466012e-16,4.171669969988815e-16,4.1417037949040435e-16,4.869017394505514e-16,7.877342559406501e-16,4.593794693200627e-16,7.058931540099635e-16,6.050291000725228e-16,2.296760542209421e-16
31,2.430160710556581e-15,8.120075281935594e-16,3.7988143069808664e-16,9.195023499825236e-16,4.1714572673784314e-16,4.1418823036621916e-16,4.869351011370612e-16,7.877158067367362e-16,4.593624862841399e-16,7.061828064387066e-16,6.048081464499763e-16,2.2969067675657425e-16
32,2.429608599444285e-15,8.120016295469994e-16,3.797812837803163e-16,9.195139123275808e-16,4.1701205496139696e-16,4.1414784157823386e-16,4.86921624796673e-16,7.87495084666731e-16,4.593044050607199e-16,7.059456745136041e-16,6.048246016104448e-16,2.2963849305757965e-16
