Index,C_c_0,C_c_2ws,C_c_ws,C_s_2ws,C_s_ws,S_c_0,S_c_2ws,S_c_ws,S_s_2ws,S_s_ws
0,-1.5719372011555278e-16,3.606052515953279e-16,1.2505269829914932e-16,6.660434858128487e-17,5.584121895827757e-17,3.695222373846287e-17,3.7616622198630147e-16,1.8181730221512666e-16,1.0729692217107915e-16,-5.340566603230091e-17
1,-1.5784720493503822e-16,5.920614429539877e-17,8.504206018131531e-17,1.103867141387162e-16,-9.676789820867458e-17,3.177057067740481e-17,6.215739398867915e-17,-2.5428577240857773e-16,1.4403993510902182e-16,2.9361291412244036e-17
2,-1.5682771257447085e-16,3.532553454150322e-16,1.3199761085114417e-16,-2.1922262943815656e-16,-2.415939764324533e-16,3.152827715958684e-17,2.4043074508868824e-16,6.992338156545785e-17,-4.5993831726048766e-17,3.6664333510869494e-16
3,-1.5899698887000233e-16,-1.1770531858558406e-16,3.733358463658932e-16,-1.3473500804219015e-16,3.561827367526669e-17,3.0733573041873954e-17,-1.7922361001502612e-16,9.166190764418108e-17,-2.4620010600091936e-16,4.1910789999740304e-17
4,-1.5714157143510985e-16,-1.2227569968230074e-16,5.2271816111773527e-17,6.448575434264847e-17,2.1430183062906038e-16,3.1366076931049155e-17,-3.5166579969517977e-17,1.7609676494781503e-16,-1.8140512127736878e-16,-4.175774865638567e-17
5,-1.568154775752034e-16,-2.1785162749537519e-16,1.3764280484744696e-16,3.489020235270431e-17,2.397467857459137e-16,3.124078500995874e-17,1.784969266470792e-16,-1.3018025188263194e-16,1.4394941998779682e-16,1.4622100321317655e-17
6,-1.577468606533366e-16,-8.950433838933925e-17,9.458379614621747e-17,-1.8912559899808397e-16,-3.717433184025913e-17,3.2050414999990845e-17,2.11030790359064e-16,3.5280188284483303e-16,-1.4449347084417369e-16,-2.2219445566767584e-17
7,-1.5750555833502789e-16,1.0168705933572292e-16,-1.1201700460854685e-16,-2.1226056863988916e-16,-5.747209726605136e-17,3.1931122808121807e-17,-3.4662937319186537e-16,-9.635474578404334e-17,-1.1920657568283528e-16,-4.2391644165367034e-17
8,-1.5749329915977041e-16,-1.0795367137423578e-16,1.9631660073484996e-16,-4.0206242319801887e-16,1.8790001337692034e-16,3.1760724218825616e-17,1.948365149264708e-16,-8.456027949722473e-17,2.268116793166868e-16,-4.026637208905516e-16
9,-1.5726878959275392e-16,2.8977798020114195e-16,-2.3981934365406496e-17,2.8099877255386777e-16,9.159561598499698e-17,3.1873341174383445e-17,3.3251028218838313e-16,1.2828468900862226e-16,-1.2574718097476681e-17,-2.273677907112343e-16
10,-1.5751242977644422e-16,8.743967482574735e-17,-1.3582451122598674e-16,-9.37875093054154e-17,5.372566276831157e-17,3.176705042950782e-17,2.2759996671490625e-16,-2.94100419014244e-16,-5.100448158568775e-16,3.644781834388328e-18
11,-1.5790309702336452e-16,3.1763378664096085e-17,-2.227172475175936e-16,-1.605533804113806e-16,3.0392280963926934e-16,3.0913017112932324e-17,1.7023518232468526e-16,-4.773815330248252e-16,3.402033130017704e-17,-5.527210147145864e-16
12,-1.5767592236991496e-16,2.0403815742345862e-16,-1.219283601643349e-16,4.1624632648662556e-16,2.1803044022624551e-16,3.213994132157611e-17,1.998120666659569e-16,2.6162548788981985e-16,-1.8826970777327382e-16,-3.4775422235755165e-16
13,-1.5760065095183867e-16,-9.561907987315752e-17,2.5081183404711038e-17,6.848468537200066e-17,1.940614481741203e-17,3.1793033100805935e-17,-4.139019298723239e-16,-9.889475174210111e-17,1.0424923129791645e-16,-7.026687028679387e-17
14,-1.5753744546115404e-16,9.279813326251457e-17,1.1175590133896365e-16,8.588401142191158e-16,4.7064485518125593e-17,3.1624686948290124e-17,1.3497256714853822e-16,-1.054075922713953e-16,-4.1486994466061557e-17,7.446322447240695e-17
15,-1.5770180109254183e-16,-8.713232078691302e-17,-7.532515066668199e-17,6.668574628058824e-16,2.9338050348632837e-16,3.157097633066886e-17,-1.6192307974597e-16,-1.3085811783979347e-16,5.070406888603009e-16,-1.4796656682672277e-16
16,-1.5778571254503994e-16,2.674270044769374e-16,-1.1263884289059997e-16,2.4804062853519147e-16,-1.3033589808890115e-16,3.183746297272255e-17,4.4338278256795934e-16,1.161260713109949e-16,1.7992175899211093e-16,1.0401660147349936e-16
17,-1.5778089158018908e-16,6.9738233365016e-17,-1.9265936551149517e-16,1.21938270320623e-16,9.489740823038151e-17,3.177680358007154e-17,1.3114634588704878e-16,9.753090086104508e-17,-5.843875717976374e-17,-1.0086938192054262e-16
18,-1.5755840103722504e-16,3.882283308544337e-17,2.3390348563875963e-18,-3.2791455145094036e-17,-8.800010630607202e-17,3.1650595494266234e-17,-1.755846971211089e-16,1.6502739151165391e-16,-9.548316269210072e-17,4.624491197867241e-17
19,-1.5760520478384345e-16,-1.4540695609878277e-16,-2.2968719115577333e-16,2.452674594317372e-16,-1.3075036607724367e-16,3.171847749795364e-17,-1.2109606937751558e-16,-2.4634422497836096e-16,9.788029826890685e-17,-3.6508385128268464e-17
20,-1.574115734980924e-16,-2.6598049713201926e-16,-1.2075365430768716e-16,9.413813632423745e-17,-4.082689123684403e-16,3.174060951529918e-17,-3.664102999594006e-17,-2.1644980046029675e-16,-2.1798774553392298e-16,-1.5006881907675825e-16
21,-1.5776508351669041e-16,2.6772062019948905e-17,4.647584697096084e-17,9.814173243119283e-17,-1.90666646157229e-16,3.168836444093894e-17,2.576183063549264e-16,-9.16226131217027e-17,-1.3461458268738532e-16,-2.1435991544172497e-16
22,-1.5746105833891194e-16,-1.6820301331904063e-16,2.0188354334744536e-16,-2.109282160725676e-16,6.219714389519949e-17,3.1682320206752314e-17,4.1999233420290306e-16,1.0787285424223357e-16,-7.579360015610185e-17,-1.8972443602505673e-16
23,-1.5763799929569586e-16,7.304944869389891e-17,-3.458437288340766e-16,4.680368110674921e-17,-1.3581166841288436e-16,3.1748120570965663e-17,2.9211894080323045e-17,1.1421671071156598e-16,-1.8079967425295844e-16,-9.888366793062461e-17
24,-1.576854355365696e-16,2.9755038920385377e-16,1.8115619350992432e-16,2.398014565899094e-16,-5.210382643325821e-16,3.175373878356671e-17,-4.357658401542516e-16,7.748389508440876e-17,8.39138905449243e-17,-1.18213720983486e-16
25,-1.5760589507365477e-16,1.0171568311373752e-17,-7.233127246352346e-17,4.0821822891086597e-16,-5.695694097912917e-16,3.171753423212298e-17,-8.927319159635982e-17,4.714964568934216e-16,-6.049289082207637e-17,1.6199767344840582e-16
26,-1.575470711402468e-16,-7.2040688728452e-17,-1.1715014332904964e-16,1.0830451150841081e-16,-1.9943429462076275e-16,3.1967971439981273e-17,3.318594810933052e-16,-3.5690417958560227e-16,2.492246030709609e-16,-5.3962696639343737e-17
27,-1.5754946453552603e-16,-6.0903448882208e-17,-4.444304229743035e-16,-1.769586968814852e-16,-4.698505446066221e-17,3.169885548970761e-17,1.2656072740588645e-16,-3.523924627059906e-16,1.9371734693671723e-16,-2.3479995388840078e-17
28,-1.574034730152654e-16,2.412351659230053e-16,4.095870167511896e-16,-2.2705643295753976e-16,-1.9054539692319447e-16,3.152653612899475e-17,1.7678060671195818e-16,-3.0462953139984134e-16,-9.948906837127726e-17,4.128309801647157e-17
29,-1.5777358297861004e-16,-4.3110013360813044e-16,6.831665863173432e-17,-4.494118414678118e-17,9.116276432471943e-17,3.1675499389003145e-17,1.3141772507298212e-16,-1.1346249159896122e-16,2.7801319477500047e-16,1.7379918865892323e-16
30,-1.5762017142730598e-16,-2.3247382477450003e-16,2.347103474671513e-16,2.3115501774959495e-17,-1.7063950592976156e-16,3.162362530969836e-17,1.9605234049260436e-16,2.600447228559393e-16,5.871966784867418e-17,4.695407630353557e-17
31,-1.5762344544401626e-16,-1.431863175970163e-16,1.0290810616671375e-16,2.280305059518949e-17,2.274317568196786e-16,3.171972014754125e-17,4.1029940973942375e-18,1.321125911792444e-16,-3.124736101588626e-16,-1.8103340264984268e-16
32,-1.5771811125779064e-16,-2.754109744758142e-16,1.8285197736553498e-16,9.74632811960949e-18,3.738127489686584e-16,3.175286361378287e-17,2.0851337655238399e-16,-6.414051225757069e-17,6.30248490933266e-17,-3.536324216007e-16
