Index,c_T_M,c_T_Q,c_T_X,c_T_X_1,c_T_X_2,c_T_Y,c_T_Y_1,c_T_Y_2,c_T_Z,c_T_Z_1,c_T_Z_2,c_T_u
0,2.393243849757082e-16,5.676044647830763e-17,4.9903954892115017e-17,6.458040205533996e-17,7.86234627294707e-17,3.3026301524522755e-17,3.3857516583084845e-17,1.4996772789262935e-16,4.5338008680288376e-17,4.938741909504318e-17,1.14327205240493e-16,2.262014183285491e-17
1,2.3954236010543596e-16,5.664859402220243e-17,4.976242049666729e-17,6.41035911484211e-17,7.893952343873144e-17,3.3140558456304465e-17,3.399368791577699e-17,1.4886019276593636e-16,4.520322399715509e-17,4.91970260239396e-17,1.14532416077734e-16,2.2640744114360725e-17
2,2.392199118405925e-16,5.664685413920217e-17,4.9765726239682604e-17,6.413119820001239e-17,7.890122617433591e-17,3.31258684262313e-17,3.3977065865885547e-17,1.489248716761865e-16,4.526199284055987e-17,4.92906141051847e-17,1.1430965828688579e-16,2.2610267380929412e-17
3,2.393174310333322e-16,5.664772674150776e-17,4.97665468652207e-17,6.413323677101295e-17,7.890070033823391e-17,3.3125744671475693e-17,3.397687812301161e-17,1.489294360085305e-16,4.52442564100264e-17,4.9262329148143564e-17,1.143769372709689e-16,2.261948456943873e-17
4,2.39396220422898e-16,5.664765258919035e-17,4.976845626938555e-17,6.414530748716577e-17,7.888584307965276e-17,3.312018088771768e-17,3.3970545253916497e-17,1.489571810786653e-16,4.522934253360038e-17,4.923872332629327e-17,1.1443157989992245e-16,2.262693147948546e-17
5,2.392917348290427e-16,5.664729418118024e-17,4.976856834063172e-17,6.414743400731184e-17,7.888233457825522e-17,3.311880168484155e-17,3.396899654209215e-17,1.4896228522473946e-16,4.524876202452199e-17,4.9269563651967376e-17,1.1435919360649345e-16,2.26170558500015e-17
6,2.3933140919653055e-16,5.664710092176456e-17,4.9763040462300614e-17,6.411384216710231e-17,7.89228653835992e-17,3.313417212355657e-17,3.3986512328541327e-17,1.4888400685733783e-16,4.524112471084764e-17,4.9257508180153916e-17,1.1438668734975774e-16,2.262080573875519e-17
7,2.3933172413553345e-16,5.664681816654936e-17,4.9768299951583283e-17,6.414800394239035e-17,7.888020620518288e-17,3.3118006402211683e-17,3.3968125079019314e-17,1.489634110465517e-16,4.5240830861468915e-17,4.925709680946896e-17,1.1438708943967284e-16,2.262083550573825e-17
8,2.3933982137182615e-16,5.664663509733508e-17,4.9768833895479725e-17,6.415182126020197e-17,7.887523554295062e-17,3.311602946619489e-17,3.396588153847683e-17,1.4897272743166402e-16,4.523904515131179e-17,4.925430734049667e-17,1.1439316142041182e-16,2.2621600829478302e-17
9,2.393232912783567e-16,5.664682726588286e-17,4.97624782412857e-17,6.411114393038574e-17,7.89256560612444e-17,3.3135146533936684e-17,3.3987634275638044e-17,1.4887809061690186e-16,4.524235498996522e-17,4.925951495970522e-17,1.1438144268923361e-16,2.262003846023278e-17
10,2.3931167454239706e-16,5.664697716929657e-17,4.976802091795557e-17,6.414571030783095e-17,7.888336024977796e-17,3.311925354241362e-17,3.396953669040821e-17,1.4895785070036876e-16,4.524474728206178e-17,4.9263283720903665e-17,1.1437292049783408e-16,2.2618940485134805e-17
11,2.3935854255080484e-16,5.664680349706631e-17,4.976900804206016e-17,6.415252727183112e-17,7.887461655713228e-17,3.311587921279538e-17,3.3965704647387073e-17,1.4897397366746253e-16,4.523565368165978e-17,4.924891833575167e-17,1.1440584595219313e-16,2.2623370292810758e-17
12,2.3931611239881875e-16,5.664662546826085e-17,4.9763036469433816e-17,6.411525957663993e-17,7.892020575630964e-17,3.313302484954559e-17,3.398522782393535e-17,1.4888790812648143e-16,4.524348512772765e-17,4.926134863156034e-17,1.1437674902258267e-16,2.261935993650706e-17
13,2.3931834391735464e-16,5.664685340313515e-17,4.97673295404668e-17,6.414186794593206e-17,7.888775392460442e-17,3.312090055470272e-17,3.3971419198927655e-17,1.4894896987238276e-16,4.524340180290534e-17,4.926117032654116e-17,1.1437763462418484e-16,2.2619570852188676e-17
14,2.3934380115454e-16,5.664604656805791e-17,4.9768175814882636e-17,6.41488972670711e-17,7.887805109877705e-17,3.311675430142448e-17,3.396672492550009e-17,1.4896755597309728e-16,4.5237506588973656e-17,4.9251980923745896e-17,1.143974311691815e-16,2.262197698525307e-17
15,2.3932215824534173e-16,5.664632482762435e-17,4.9764023842559376e-17,6.412215397743393e-17,7.891128956962943e-17,3.312949335721673e-17,3.398121759693216e-17,1.4890466611174252e-16,4.5241930022686235e-17,4.9258947830566477e-17,1.143816757325698e-16,2.2619931369735078e-17
16,2.393287086048241e-16,5.664674770815464e-17,4.976681628252168e-17,6.413874200917419e-17,7.889152581174768e-17,3.312224572393837e-17,3.397295206678625e-17,1.4894211167762247e-16,4.5241268969793475e-17,4.925781290662309e-17,1.1438520298712237e-16,2.262055048784359e-17
17,2.3932468078496744e-16,5.664684586020679e-17,4.9767766601422145e-17,6.414448707041035e-17,7.88846225494232e-17,3.311967094158044e-17,3.397001749668159e-17,1.4895528539748245e-16,4.5242175794627946e-17,4.92592224333591e-17,1.1438220934637724e-16,2.262016979175847e-17
18,2.393383048354992e-16,5.664687929653842e-17,4.9765586903931115e-17,6.413071908231223e-17,7.890156313805919e-17,3.3126115515013245e-17,3.397735310797535e-17,1.489231360866212e-16,4.523966230387071e-17,4.9255233664995633e-17,1.1439153516975756e-16,2.2621457491527955e-17
19,2.3933078660894906e-16,5.664669951201905e-17,4.976651987081752e-17,6.413704899407435e-17,7.889349580611408e-17,3.312297736157507e-17,3.3973787531060945e-17,1.4893823660975026e-16,4.524084800323082e-17,4.925714994051867e-17,1.1438670113095095e-16,2.2620746893855624e-17
20,2.39313896354282e-16,5.664659426996132e-17,4.976664904794583e-17,6.413808102770078e-17,7.889208968373768e-17,3.312238200428758e-17,3.397311307920166e-17,1.4894093540335364e-16,4.524389256298168e-17,4.9261995518341645e-17,1.1437523484579036e-16,2.261915048337618e-17
21,2.39344086649769e-16,5.664684618338468e-17,4.9766637939515635e-17,6.413743548682844e-17,7.889324684330641e-17,3.312295334057885e-17,3.397375483587348e-17,1.4893880744721345e-16,4.523851103235228e-17,4.925342024227972e-17,1.1439563914429488e-16,2.2622003969308926e-17
22,2.393280324591068e-16,5.664676914385617e-17,4.9766532173439856e-17,6.413695891695365e-17,7.889371247307807e-17,3.312309672898244e-17,3.397392090280484e-17,1.489378517765965e-16,4.5241440200305166e-17,4.925807963361608e-17,1.1438463045885404e-16,2.2620486580807844e-17
23,2.3932082441153384e-16,5.66467329135319e-17,4.976586721785362e-17,6.413279775594797e-17,7.889880942491309e-17,3.312498931647068e-17,3.397607576151622e-17,1.489283642863888e-16,4.52427634221852e-17,4.926017707166851e-17,1.1437975342438296e-16,2.261980530021684e-17
24,2.3933368102979403e-16,5.664637775665617e-17,4.9767050868966557e-17,6.414115425585862e-17,7.88879717687089e-17,3.3120717076878654e-17,3.3971225950558546e-17,1.4894857116763495e-16,4.523985864678786e-17,4.925565049436683e-17,1.143894881533466e-16,2.2621020464850256e-17
25,2.3932726923336593e-16,5.664631689929161e-17,4.9766431123975065e-17,6.4137411713283e-17,7.889246717109228e-17,3.3122393272645305e-17,3.397313644203538e-17,1.4893999135647244e-16,4.5240988487789516e-17,4.925745531770477e-17,1.1438514757449835e-16,2.2620414443259007e-17
26,2.393316880963295e-16,5.664680194324941e-17,4.976529012430285e-17,6.412914458525432e-17,7.890331276052205e-17,3.31267636378738e-17,3.3978095334687006e-17,1.4891952896222192e-16,4.524079970317938e-17,4.9257061362590595e-17,1.1438702972596938e-16,2.2620832099433022e-17
27,2.3932145881509054e-16,5.664662785584836e-17,4.9767463170844146e-17,6.414316868789159e-17,7.888586640863077e-17,3.312005002140243e-17,3.397045789267872e-17,1.4895264150177408e-16,4.5242499444598655e-17,4.925978444115443e-17,1.1438040320616264e-16,2.2619865261922927e-17
28,2.3933316725410723e-16,5.66465394674977e-17,4.9766733307485365e-17,6.413872427983122e-17,7.88912282695295e-17,3.3122025641696477e-17,3.3972709101870605e-17,1.489425739614615e-16,4.5240170403305776e-17,4.925610958571112e-17,1.1438877766818704e-16,2.262097190448769e-17
29,2.393342999868683e-16,5.664666011259924e-17,4.976504527141312e-17,6.412783667442599e-17,7.890477306832354e-17,3.312721889671477e-17,3.3978617106950537e-17,1.4891696104733603e-16,4.524011982188433e-17,4.9256005972533315e-17,1.1438925775351996e-16,2.2621078966606396e-17
30,2.3931788736982444e-16,5.66467173577997e-17,4.976739322316088e-17,6.414253011933703e-17,7.888677570037769e-17,3.312044544666743e-17,3.3970905048971034e-17,1.4895091488097185e-16,4.5243308382159046e-17,4.9261045766831516e-17,1.1437768438324793e-16,2.26195277008404e-17
31,2.3933613406451915e-16,5.66467756076465e-17,4.9766958558814535e-17,6.41396772238121e-17,7.889035227204149e-17,3.3121836248624114e-17,3.3972486524565906e-17,1.4894410884945456e-16,4.5239936514406973e-17,4.9255693051942677e-17,1.1439021389369997e-16,2.26212523175025e-17
32,2.3933101763681865e-16,5.664660126664177e-17,4.976518548025078e-17,6.412887543823617e-17,7.890339699424704e-17,3.3126672356615554e-17,3.3977997263469465e-17,1.4891949276062468e-16,4.524066258001626e-17,4.925687902807399e-17,1.143870967791077e-16,2.2620768729838526e-17
