Index,c_T_M,c_T_Q,c_T_X,c_T_X_1,c_T_X_2,c_T_Y,c_T_Y_1,c_T_Y_2,c_T_Z,c_T_Z_1,c_T_Z_2,c_T_u
0,-6.356872602059877e-15,1.2353002149775075e-15,-1.1499858434765007e-16,3.998620035606612e-15,-1.5925925262564827e-15,6.022277431971348e-16,5.537468254322925e-16,8.301779249779748e-16,2.0056042154857564e-16,7.800278333929649e-16,-5.604047595253346e-16,3.314857574906569e-16
1,-9.031155615573098e-15,1.3143944773341292e-15,6.891519260438424e-16,8.007348622107998e-16,6.483184275710142e-16,-7.510677335132427e-16,-3.9499222226166247e-16,-2.3942813319623914e-15,-4.2224939294712406e-16,-1.5133751309360263e-15,9.945980254423608e-16,-3.242692179907291e-16
2,-8.677839692069037e-15,1.3236699813196397e-15,-2.490163413069068e-16,-1.637467618797076e-15,2.593129252748175e-16,-8.639990461665543e-16,-1.5173056016455609e-15,2.1514143556795938e-15,-1.019183934879272e-15,-2.4578845828184434e-15,8.492141521986526e-16,3.0983090312232205e-17
3,1.1993816455006815e-14,1.3162445514355869e-15,-1.7282260315741136e-15,-3.1233401122262136e-15,-1.2187253795510985e-15,1.179803132898735e-15,2.1047959236176934e-15,-3.102003198765332e-15,2.5197256599258346e-16,2.0988045421930113e-15,-2.14896759920788e-15,3.134491428778883e-16
4,-4.995366110501451e-15,1.3175929802258436e-15,-1.394354772997766e-16,8.60899392395467e-16,-5.046836851697541e-16,-6.673212795215601e-16,-1.1127848033689349e-15,1.3942776159131287e-15,9.376851327031354e-16,3.955695446442281e-15,-2.9839642774439653e-15,2.6569513744142855e-16
5,-7.635933291987353e-15,1.3196753884347032e-15,-4.1177332619778015e-16,1.360588955612701e-16,-6.116026130349098e-16,-2.4095256929440586e-16,-4.286542678555992e-16,6.286135914601309e-16,-1.6800493009745872e-15,-2.2299451444033994e-15,-9.656007951286555e-16,-5.403799685648471e-16
6,-5.524583559438477e-15,1.318572641538136e-15,-3.8788071176688846e-16,2.5569513820851807e-17,-5.385018075098196e-16,1.2028494733210197e-17,1.551248098835777e-16,-6.508383167458398e-16,-2.8602459651526885e-16,1.7327643801920533e-15,-2.908390065341613e-15,1.1861988608177616e-16
7,1.4106642902202679e-15,1.317965170276583e-15,-1.7785539946546678e-16,-4.390196717759539e-15,1.3593630843614278e-15,-2.505616300448927e-16,1.505019981156655e-17,-1.4810920773932758e-15,7.475379573581998e-16,3.526987817900139e-15,-2.8667947268117284e-15,1.4931937075066236e-16
8,2.4049770217740074e-14,1.3194449758358937e-15,6.840289459496613e-16,1.3553722956976618e-15,4.389691797677401e-16,-6.5090088182395e-16,-6.896129249667253e-16,-4.71424245029136e-16,1.0130006621842422e-15,1.318133172473633e-15,6.161280453609526e-16,8.083028527909045e-16
9,-2.8376832661685347e-15,1.3180796486127567e-15,-1.0482846701283464e-15,2.4426395797297744e-15,-2.3212269545056743e-15,3.4583289796593903e-16,7.401732006501381e-16,-1.479939467658775e-15,8.959927796365464e-16,2.9738233867303306e-15,-1.8030346454068724e-15,4.931362946362112e-16
10,-1.7023704109788855e-15,1.3184142783720176e-15,1.0229312904341437e-15,2.4685737708956633e-17,1.3869656081306506e-15,2.39022437390935e-16,7.009459815695575e-16,-1.8987953340763934e-15,-1.6220295305725485e-17,3.278677842187376e-16,-4.631524070879837e-16,1.6385946776420156e-16
11,-6.067891900531797e-15,1.3185960904903286e-15,-2.619457931781561e-17,4.380408516039639e-15,-1.6330719044545985e-15,1.9694037575410917e-16,-1.0807245096011147e-16,1.6098728566329795e-15,2.4269284055849145e-17,7.554516940488356e-16,-9.25978351686889e-16,7.812543174352946e-17
12,1.6672102399141032e-15,1.3180650997099144e-15,-9.469582615414993e-16,4.402235246334994e-15,-2.897805609518034e-15,7.414320527555955e-16,9.237998053545371e-16,-1.0300640105123934e-16,-3.41955011564028e-16,-2.001090802558671e-15,1.814217477236523e-15,3.483562153718236e-16
13,-1.7764185301825854e-16,1.3201326322449719e-15,-7.316263882372708e-16,-4.1748137371309036e-16,-8.461892349747458e-16,-9.626508786447218e-16,-1.93800512117387e-15,3.552165680893954e-15,1.0965947451389293e-16,4.220659078289383e-15,-5.231259072867871e-15,4.183132070139513e-17
14,3.194526116612726e-15,1.3173308934056305e-15,1.1435049072492552e-17,3.531654538392191e-17,2.725030377928246e-18,9.019530889119344e-16,1.6274396157837242e-15,-2.4576211271992835e-15,-4.355748614984828e-16,-1.0541407925536308e-15,3.6812023678775826e-16,-1.364445326315938e-16
15,-1.2704185409369198e-15,1.3188914542192136e-15,2.0284773733655063e-16,-7.099708565092252e-16,5.357657066858474e-16,-7.810848461862743e-17,-8.752459657668418e-16,3.610886667142139e-15,-2.0628632158901203e-16,-1.0474260077409046e-15,8.863633242400812e-16,-2.1222822413633242e-16
16,-1.5099282662970804e-16,1.3191421835426994e-15,6.588643839279007e-16,4.426742647905376e-15,-7.165433720048885e-16,-1.5343323233280543e-15,-2.314313188996774e-15,2.0804172793517915e-15,3.7545162935214573e-16,5.23785203076467e-16,1.8251096558901444e-16,-2.7452771006075754e-16
17,4.3510231483518594e-15,1.3192843412980253e-15,-1.0338385454191717e-16,3.585952312846302e-15,-1.4486600619979912e-15,-1.0937955635112896e-16,-2.4815071369767744e-16,5.334092457701607e-16,1.514396035244005e-16,7.195244835731741e-16,-5.867983597611578e-16,-1.1147007519205714e-16
18,-4.999570040055653e-15,1.3178462367948325e-15,9.936161532122042e-16,-6.732666011060041e-16,1.6011772687625141e-15,-6.006335119115381e-17,6.220482371727514e-16,-3.2178203184454512e-15,-1.5536828481029893e-16,2.803490482390943e-16,-7.213100258114553e-16,-2.700084387005566e-16
19,-1.2495063605419346e-14,1.3199119214020885e-15,-3.214144035922471e-16,-7.684037283307448e-16,-1.5834254263780878e-16,-1.400627642660592e-15,-2.025874470255947e-15,1.497759216288652e-15,-2.8163235452367506e-16,-1.3736174223085706e-15,1.1384786293359087e-15,-5.692774314258298e-16
20,1.00674046141125e-14,1.3196742002447838e-15,-5.887812094965344e-16,3.682806720136776e-16,-9.37806734157803e-16,-1.3049811617351685e-15,-1.991702070002135e-15,1.875803920165319e-15,2.670057065530421e-16,3.348531954737363e-16,1.7883502749990092e-16,-6.857437467472248e-18
21,-6.6327177314578274e-15,1.3185931595908701e-15,5.980011143798894e-16,3.5434775596346412e-15,-4.776047250858552e-16,-2.1509048216358776e-15,-3.4527575983073105e-15,3.884059961866864e-15,7.501737609525934e-16,1.9164774587695095e-15,-7.670417098828078e-16,1.2192299050916055e-16
22,4.769349288339702e-15,1.318688378748246e-15,5.501366453601775e-16,-1.2872419044085137e-15,1.2201316599438823e-15,-2.255367349950258e-16,-3.5598503219151624e-16,3.7844652224597575e-16,3.1439753078234855e-16,3.8921718423889557e-16,2.1717681559176807e-16,1.2264679763455092e-16
23,6.630403975156498e-15,1.3178308325071313e-15,-5.833648516975172e-17,2.6515004402902193e-15,-1.0467494497942246e-15,-2.297074625628678e-16,-6.056210482625424e-16,1.510819799089231e-15,3.0063910230350703e-16,3.6501490888806845e-16,2.1697124154509517e-16,7.994407256307725e-17
24,3.3893015204258324e-15,1.3174676828794505e-15,-8.26009222668007e-16,2.134823431305842e-16,-1.2053611453463663e-15,2.2405948492507083e-15,4.080553850129585e-15,-6.2851301372868135e-15,4.809724521164487e-17,1.3990595863696131e-16,-7.127557213194616e-17,2.7080503642252695e-16
25,-3.2504973546902995e-15,1.3185239882941854e-15,1.81528628629962e-16,-6.481699196356703e-17,2.7134861963675703e-16,4.039027734880006e-16,1.0677025156177247e-15,-2.6701677326843104e-15,1.9956064922252777e-16,7.518794658767184e-16,-5.180471628904981e-16,-3.0232287753276945e-16
26,2.6812290052291453e-15,1.3174944129248604e-15,-8.348112919683845e-16,2.200419079161216e-15,-1.9414981479777882e-15,-5.809647406423139e-16,-1.083835622423957e-15,1.747161511434853e-15,-2.5980531480674918e-16,5.596710882461535e-16,-1.3245290187992324e-15,2.6777801716570836e-16
27,-1.5356141328579233e-15,1.3188282663870751e-15,5.541496159351532e-16,-4.074678708357992e-16,9.047255397550276e-16,1.6371989212594666e-16,7.390276395906976e-16,-2.4999729716514785e-15,-7.616725543815672e-16,-7.293140109422625e-16,-8.03713434223127e-16,-4.275442896515657e-17
28,6.22489269120294e-15,1.3186528006361596e-15,-1.1337873782878816e-16,1.430068712890382e-15,-6.761839853950541e-16,5.940884820468136e-17,1.9961239466184864e-17,2.420855237381542e-16,1.45010836195603e-16,4.2180729475962204e-16,-2.1466123755036812e-16,1.0461271075683179e-16
29,1.9245423016169287e-16,1.3184374090120293e-15,-7.37100529636457e-17,3.798795027710351e-16,-2.39123525623375e-16,9.0725140131942e-16,8.994191013207836e-16,9.435191309460897e-16,-1.2710848945349556e-16,-2.7762040315561267e-16,6.847815673413912e-17,9.38362680169943e-17
30,-1.4916309412256449e-15,1.3178322787737985e-15,6.906631005687565e-16,-2.256083025246824e-15,1.7650770124306e-15,1.053604043288778e-15,1.8463389676685608e-15,-2.617902464612715e-15,-1.4887833883995435e-16,4.238305588480708e-16,-8.930987105769126e-16,1.775984676966174e-17
31,-1.129083383661381e-15,1.3183999163822434e-15,4.272309010379985e-16,-1.1449222592575542e-16,6.24740227047795e-16,2.915745297262019e-16,5.622959577380854e-16,-9.620689940261635e-16,4.793200120421738e-16,4.2757909403720597e-16,5.465446121936476e-16,2.0414161613710793e-17
32,2.2687501001413414e-15,1.3184083961056228e-15,7.560242188924068e-16,-3.019850485071079e-16,1.1417381982318241e-15,-1.7162924542660965e-16,1.953948868569942e-16,-1.8709208940268212e-15,1.0509970857759651e-16,4.243424780500364e-16,-3.0965658460614557e-16,1.1508966178847596e-16
33,3.669353776968521e-15,1.3181392983888736e-15,-3.941983372817665e-16,-1.0156215937142926e-15,-1.6762583141909175e-16,1.869891718891319e-16,7.114143950490824e-16,-2.241397398908131e-15,-5.687083957551239e-17,-1.4271346409705558e-16,5.467212580171957e-17,1.916907701680687e-17
34,-1.5378226956495872e-15,1.3176720715144644e-15,5.249894971489013e-17,2.977311428200923e-16,-3.6953271865781326e-17,1.0956765859793774e-15,1.8594202046439588e-15,-2.441012135473339e-15,1.7511814114031295e-16,2.243479959585774e-17,3.73555914918131e-16,6.609590701381112e-17
35,3.9161580655161845e-15,1.3180261106711328e-15,-4.7906225041535185e-17,-1.3617056143051982e-16,-1.5719405791498152e-17,1.9439186252591549e-16,5.783478849984283e-16,-1.5832530177143778e-15,6.405007642242263e-17,4.722802259338378e-16,-4.663742873779638e-16,-1.8572734996926302e-17
36,-4.339139671440549e-15,1.3186349248504022e-15,1.5055540917837207e-16,1.8345009375225058e-15,-4.634786987573335e-16,-5.664410240169537e-16,-1.361946075939006e-15,3.117173770213561e-15,-1.3311263153571896e-16,6.671533363362763e-16,-1.1729417581885621e-15,1.3859605618903342e-18
37,4.417735319083486e-15,1.31922199015154e-15,2.414791113694353e-16,-3.1393995903376393e-15,1.474579920273223e-15,-8.665289303098089e-16,-1.2477391038205711e-15,8.990351173943053e-16,-1.4501536954051957e-16,-7.212129272078105e-16,6.038491006496105e-16,-5.5055386023545564e-17
38,-8.54965838553334e-17,1.318395471423376e-15,2.3022094598125604e-16,4.85078237253111e-16,1.3730411240473613e-16,-3.5423679957197935e-16,-3.508735981600088e-16,-3.6981243444377466e-16,8.808451562813067e-17,-1.0226640740683921e-16,3.3543737236733343e-16,-2.0088770073410438e-16
39,2.2721718655952804e-15,1.3184265840064613e-15,-2.0368128152526064e-16,2.669378425915865e-16,-3.7525992399577974e-16,-9.362805305891541e-17,1.2088135302190525e-16,-1.0870185712075444e-15,-2.0101077237238786e-17,-4.988542614074573e-16,6.020054714461555e-16,1.4601943643628712e-16
40,5.016166260585394e-15,1.3186352108495424e-15,-9.558264968467725e-17,-1.332250855100093e-15,3.553645242683516e-16,-5.070282141714338e-16,-8.463486317469465e-16,1.0643067940258391e-15,-3.702364896535031e-17,-5.769732104015162e-16,6.645819742662054e-16,-6.108766422343583e-17
41,2.5305911965112253e-15,1.3186583835295007e-15,6.31279859204079e-16,-1.521387111846944e-15,1.4160527680915888e-15,-7.096999160114853e-17,-2.1559433286388098e-16,5.986736191442165e-16,1.1626564415544178e-16,-3.611206581389759e-16,7.364810928559908e-16,-1.0962050469172838e-16
42,-7.425928000028577e-16,1.3184657697657206e-15,-3.465648151354234e-16,7.005002660161637e-16,-7.283652485280865e-16,-3.233164441249316e-16,-3.6065334093160523e-16,-1.5043525872657414e-16,5.426353885699929e-17,8.574579148559558e-16,-9.894189695794902e-16,-1.267158592067432e-16
43,-8.775707140269644e-16,1.3183518540294493e-15,1.167708818386918e-16,9.761900308004804e-16,-1.966195806087546e-16,8.22686352387517e-17,-2.7549099707847485e-17,5.907809145365765e-16,2.591160261984166e-16,7.785030180347457e-16,-4.1579780396898505e-16,9.999672179967994e-17
44,-9.915354324765598e-16,1.3184403515894803e-15,1.8473974017247062e-16,-2.640846874762248e-15,1.2151033075412789e-15,-6.684692455599599e-16,-1.3640934452170218e-15,2.5532274417219236e-15,2.0069506590906372e-16,1.5997690361320174e-16,2.53609986616204e-16,1.0677137564107651e-18
45,6.501722461631156e-16,1.3185513231039094e-15,3.5995773144183406e-16,-9.535448318126566e-16,8.388789934025033e-16,-1.8442787602788523e-16,-6.49107879115382e-16,1.9670753767878705e-15,2.8935334751388434e-16,2.666622478050971e-16,3.188369008791803e-16,5.730270023389306e-17
46,-7.33097737222673e-16,1.318456256064453e-15,-3.819660301347563e-16,1.0149642844285967e-15,-8.913082082273856e-16,-3.076706826120891e-16,-3.325671797510213e-16,-1.9238809041873216e-16,1.0164062269573976e-16,-5.595298785765591e-17,3.064161670322778e-16,-3.779608816375771e-17
47,2.0008851412207817e-15,1.3184608729653228e-15,1.237340391737381e-16,-9.07032865186501e-16,4.995980227265528e-16,2.6495192796026123e-16,6.422000459521925e-16,-1.4819727911253128e-15,-4.2533278132719664e-16,-7.897917607647144e-16,4.823184878824315e-17,1.2408577463848068e-16
48,-1.5796902538343176e-15,1.3182795276909202e-15,1.2761087103330527e-16,1.7951018787416473e-15,-4.804954397233631e-16,-1.5556071828486577e-16,-1.2670361106668234e-16,-2.8918585562863525e-16,-2.7068350898347144e-17,-1.7353984171012613e-16,1.6327148783778064e-16,-7.966862307576783e-17
49,-1.5143425431443047e-15,1.3184205413575793e-15,1.1324174835022008e-16,6.188279891150929e-16,-7.109418211228217e-17,2.2652910745614877e-16,6.572507340301562e-17,9.711730647332493e-16,-1.70213500031037e-16,7.865942260957505e-17,-4.93615888219718e-16,-2.3777659236532106e-17
50,2.2960264792678927e-15,1.3184632868590731e-15,-2.29846565791795e-16,2.4275478852085387e-15,-1.198777020330021e-15,3.1486042711050015e-16,5.727292017619335e-16,-8.793710457697533e-16,-3.2050691332331595e-16,9.718816446231061e-17,-8.632951312773573e-16,6.4197120188198e-17
51,-1.6584214314512156e-16,1.3184797813344652e-15,-3.862122909871761e-16,-9.43270669548352e-16,-1.8310376598552565e-16,1.592503286780725e-16,2.276024484229384e-16,-1.5729063946135315e-16,-1.5572358088266104e-16,-2.2579886825830433e-16,-6.467000485917395e-17,1.1609550402822276e-16
52,1.4433224463287215e-15,1.3184561019826461e-15,8.635765108239417e-17,2.8047153140745636e-16,1.558813579579529e-17,3.7980242253211915e-16,2.498664079184086e-16,9.81540282324807e-16,1.6970098327541156e-16,1.6884546146082668e-16,1.7081263596326474e-16,-2.98040315185775e-17
53,-1.6281134087899701e-15,1.3184464084441158e-15,-3.8385308391982406e-16,-1.646021490709632e-16,-4.637995917780141e-16,-3.8230295190372773e-16,-7.731283389711484e-16,1.427430745409227e-15,2.4379585076741394e-16,1.4632712705096923e-16,3.704509603119085e-16,-1.5180939037097864e-16
54,-3.3790196537135378e-15,1.3185770366877888e-15,3.53817930254721e-17,-3.3124454779350734e-16,1.6907301917444208e-16,3.440288393327723e-16,7.059087525323116e-16,-1.3316761388644135e-15,1.2406093758861199e-17,1.5107690201595014e-16,-1.6778965744797477e-16,-1.2873109389939263e-16
55,-4.566518745552684e-16,1.3184393424381219e-15,4.4121288507480654e-16,-5.629918789835468e-16,8.07384867963156e-16,-5.285553947483704e-16,-6.517153848126518e-16,4.173955082436813e-17,2.3864362980405287e-16,4.3344164561211716e-16,-1.448471447410071e-17,-1.2651993018749224e-16
56,1.0014078226864769e-15,1.3183119600705795e-15,-3.863354215508485e-16,8.276553363776783e-16,-8.290224198454933e-16,4.868685665615955e-16,9.115846172078097e-16,-1.4796624641455737e-15,1.6583708192212148e-16,2.0142854720255168e-16,1.195890244979196e-16,-8.848848388586959e-18
57,2.359559061750671e-15,1.3184339501249503e-15,1.3673584977906867e-16,6.097841798203687e-16,-3.574505827301076e-17,2.5714542383681746e-17,2.287750055349149e-17,3.885237858260143e-17,1.8400028771022877e-17,1.1170126392229084e-16,-1.0283667034017225e-16,3.787657056121179e-17
58,7.108212115416143e-16,1.3184531005251137e-15,7.477146158424348e-18,5.4770370376730166e-17,-9.765958135970222e-18,-3.0695299108327075e-17,6.190298233384497e-19,-1.757086506254667e-16,4.415912286174608e-17,5.1425044896952206e-17,3.471790487449985e-17,1.9632342718987216e-17
59,1.6459419254295349e-15,1.3184175538245474e-15,-1.1841142484183373e-16,6.398498371080176e-16,-3.9488330670895544e-16,-1.247593527204629e-16,-1.6860614296970894e-17,-6.243954528066578e-16,-1.2668237732822612e-16,-3.1780138876509333e-16,1.216600997219027e-16,-6.93913459677921e-17
60,-1.4922130609069363e-15,1.3183691990935281e-15,2.7217404291121574e-16,-3.92565327509731e-16,5.145355492883546e-16,3.6551132088876556e-16,6.728048149967499e-16,-1.0575561965705283e-15,6.14626755421294e-17,1.35716897208862e-16,-3.502626094516358e-17,1.495952918244646e-17
61,-8.95463231339219e-16,1.3182690821962532e-15,-3.4056919835328257e-16,5.649334746514209e-16,-6.70743243072323e-16,5.197988874955209e-16,7.684658847312561e-16,-6.31710085728145e-16,9.588832845346071e-17,3.126213927696543e-16,-1.8574433126387212e-16,6.281086957845904e-17
62,2.317192967942541e-15,1.3184922711942587e-15,1.4614029886345113e-16,-8.556243347851759e-16,5.11416121456751e-16,2.9338807762175084e-16,3.30651708121829e-16,1.2083272527402586e-16,-2.2420221341839164e-16,-5.247364031503052e-16,1.6631805926433128e-16,-9.046989885852309e-18
63,-2.0721259832151114e-15,1.31828329207514e-15,4.2677914698055754e-16,1.1656047214736468e-15,1.5739471561890518e-16,-1.9433257673911782e-16,-3.743206114639547e-16,6.39236024505057e-16,-4.9821881865754065e-17,-1.3414008947310206e-16,5.974537584031859e-17,-1.0097498896281054e-16
64,7.451854607062527e-16,1.3184089364109719e-15,8.245551712789919e-17,6.703655026240012e-17,8.807756269580476e-17,-1.7244593726927385e-16,-3.2656307425356553e-16,5.412364851852894e-16,-1.2691323682501364e-16,-3.3040003486578606e-16,1.3750584466945818e-16,1.2651542954488977e-16
65,8.106223531245836e-16,1.318476945218883e-15,1.8215625518520913e-16,3.985613159895717e-17,2.340404244472408e-16,1.3687928188814092e-16,1.7598411350276606e-16,-4.420338337450872e-17,1.2723781177140634e-16,-7.626842992494756e-17,3.916847659795191e-16,1.527127683947405e-17
66,1.454434310368227e-15,1.3184742371643126e-15,-6.62678299150994e-17,-2.916940328321737e-16,1.5925465866439028e-17,1.0703205043476991e-17,2.735949883864256e-16,-1.2066254834492394e-15,-7.751327577715763e-17,-2.7106047318608853e-16,1.739787874633637e-16,-9.5596492455283e-18
67,5.385005300331884e-16,1.3184615784526547e-15,-8.237017670694753e-17,-4.88990857938603e-16,6.590459256214497e-17,2.7764366788158646e-16,2.803257503275151e-16,2.6522471871829005e-16,8.182294602204912e-17,-6.06138701700104e-17,2.669022355050636e-16,1.0805637827528537e-17
68,-7.587955328128871e-18,1.3184500123496409e-15,3.02581071954118e-17,-3.5974374474677483e-16,1.724628443614074e-16,2.7413472606977444e-16,5.453605238125368e-16,-9.818170425224342e-16,-1.526169006105125e-18,2.5691996424666717e-16,-3.373626419144236e-16,1.7417724997420987e-17
69,1.5155107210936193e-15,1.3184310138123887e-15,3.34030785039671e-16,1.897295422993476e-16,3.866454364043952e-16,-2.609317054065114e-16,-4.321437406379404e-16,5.318808980050623e-16,3.5097298394839905e-17,-2.657107269877932e-16,4.2597091711947764e-16,-7.299883758826338e-17
70,-6.463774186094741e-16,1.3184918943422096e-15,-1.391767237761391e-16,-1.9662385414996606e-17,-1.8275222135837465e-16,1.3180084991579663e-16,3.873198848540434e-16,-1.0514436800167102e-15,7.34969990743768e-17,2.4354485838201243e-17,1.373517521695279e-16,-9.396279145170294e-17
71,1.2853120586107471e-15,1.3185080789412794e-15,2.0699740121818466e-16,1.1768840727094114e-15,-1.466149685962308e-16,6.230364979550409e-17,7.851905795510748e-17,-1.2796438990980551e-17,1.5122143821492118e-16,4.600170798250841e-16,-2.500560397723544e-16,-2.34284157211474e-17
72,2.6275973681637876e-16,1.3185140568738155e-15,-7.250177729682988e-17,2.0487310452959862e-16,-1.7363588498685888e-16,-3.8696836835408797e-16,-5.654377797535731e-16,4.395231422228286e-16,8.566220371098556e-17,1.3940632995674025e-16,1.58226138180665e-17,-2.186849675383185e-17
73,1.9025895860668974e-15,1.3184475413168625e-15,9.408685000182475e-17,6.151629049223912e-16,-9.590369869659132e-17,1.1994225946427812e-16,2.457295706035688e-17,5.615816894986394e-16,-1.1111465405447615e-16,-2.0955955514818333e-16,1.6802723505256243e-17,5.1962917047972794e-17
74,5.588706225249313e-16,1.3183723818898914e-15,5.951424169437033e-18,6.31675029024249e-16,-2.2219974783245067e-16,2.3381849284671275e-16,3.6038340006331267e-16,-3.522795070103969e-16,8.172989416662434e-18,9.429365922517358e-17,-1.0373234699089944e-16,1.1628263202681958e-17
75,-2.477915596694848e-15,1.318531005418378e-15,1.40089240758907e-16,-5.118424386285885e-16,3.7781193085047e-16,-3.142515263011267e-16,-3.7526414335515106e-16,-3.1738467401839995e-17,-7.798054728341051e-17,-1.9339274513125807e-16,7.199448874770796e-17,1.5839736143706913e-17
76,-6.906539481119228e-16,1.318490682417681e-15,-2.494778800205846e-16,-4.294289143274935e-16,-1.8386425757242156e-16,2.755896080073874e-16,3.1175905888007693e-16,1.0809663664824962e-16,-2.585601914383585e-16,-2.6067618854967146e-16,-2.558105551999568e-16,-5.1783902173807107e-17
77,4.739975713963957e-16,1.3184467473487761e-15,-2.941983231391206e-16,-4.855591992036343e-16,-2.2442550586402515e-16,2.8869330313416465e-16,4.0375046212863827e-16,-2.441262983035309e-16,1.0392713672904718e-16,2.0291832247607758e-16,-2.4703615132892992e-17,4.6534466751781996e-17
78,-1.3824340637006022e-15,1.3184726448114928e-15,3.7323022570013753e-17,1.9344818662425203e-16,-1.9603144141392437e-17,-3.337429527702448e-17,-7.979441555243858e-17,1.8158058388888345e-16,-1.1141140977288353e-16,-1.4941716443644853e-16,-6.202698729973471e-17,2.696246710045128e-17
79,-2.5927050169559063e-16,1.3184246985757996e-15,-2.936592175991876e-16,5.536734613391515e-16,-6.025912545291301e-16,-2.103576323853923e-17,8.036849927832041e-17,-4.906107284889421e-16,4.9207727550501296e-17,-1.1548770035969952e-16,2.6321072130619235e-16,5.031671562536676e-17
80,-2.1522283508592846e-16,1.3185155682883964e-15,-9.84793007493772e-17,-1.0779391339201402e-15,2.5865929530491705e-16,-6.180742057378706e-17,1.6193238766027256e-17,-4.2300613427647556e-16,3.1408100600542747e-17,-2.3456522440246937e-16,3.77023478485165e-16,1.015499106647929e-16
81,-2.497728345415474e-16,1.3184300624798797e-15,-9.257265909017013e-17,5.778076365968149e-16,-3.3700763599288736e-16,-1.9494032532454002e-16,-3.1805046666771755e-16,3.7514437754555585e-16,-1.1341688633834002e-17,8.60890198731684e-17,-1.379463521507687e-16,2.639787738373173e-18
82,-1.1793073861173005e-16,1.3184704742122488e-15,-1.4935708789376326e-16,-4.365702795128565e-16,-4.4640707288072597e-17,-1.3076558641737453e-16,-1.504538102551475e-16,-3.958864671369921e-17,-3.908799790106201e-17,-2.7249320915863954e-16,2.6420605068987625e-16,-1.2317313710657957e-17
83,-3.9483841705946424e-16,1.3184156869676183e-15,-1.3164267211587763e-16,-6.537547089573681e-16,5.872557020737909e-17,3.017403329212728e-16,3.9771784783615496e-16,-1.4272947863614085e-16,4.16484575854147e-17,-3.850322964086347e-17,1.4579998683859414e-16,3.531657401260877e-17
84,-2.3729866614891167e-15,1.3183834652485503e-15,-3.9371999293807973e-17,-4.086373046717687e-16,9.525835262233811e-17,1.8815665823615479e-16,5.064758658404225e-16,-1.2859480088800257e-15,-9.56480608114256e-17,4.5582443451985566e-17,-2.7916094905077655e-16,1.1636657465712278e-17
85,-5.131191704592479e-16,1.3183429043341828e-15,-1.102328962014822e-19,9.049897033311235e-16,-3.3010662954926935e-16,1.0469952001700718e-16,2.345696703695858e-16,-4.967266443950588e-16,-2.4123232020573936e-16,-3.317157543141187e-17,-5.11590856439723e-16,4.588297590532089e-18
86,-1.0088304387606033e-15,1.3184745988806938e-15,3.9254096388527156e-19,-1.5319102467975777e-16,5.639290540720997e-17,-1.0314310256982909e-16,-1.1899508098227879e-16,-2.9739239210812425e-17,-3.074259851870698e-17,-1.237871487176946e-16,9.016064970519218e-17,2.260679000240015e-17
87,-1.044155114036736e-16,1.3184801706115552e-15,1.1125356950107356e-16,-2.4353235177611476e-16,2.4061743900099855e-16,-6.42038481632822e-17,-1.8081969701827203e-16,4.757980407116755e-16,-1.8109405710169354e-16,-4.2158723994035286e-16,1.3140960372296674e-16,-1.2616078645715387e-17
88,-3.186385287417567e-16,1.318430257617719e-15,4.114787929921415e-16,5.298066246437303e-16,3.683336230896245e-16,8.69987541663833e-17,2.973524068369717e-16,-8.870374599010003e-16,-4.786487578273893e-17,-1.057616074356727e-16,2.736688376445446e-17,8.898663951592054e-17
89,7.084233784749373e-16,1.3184459910510123e-15,-1.2600282183695135e-16,-3.310870976170695e-16,-5.122471238569965e-17,-1.8341293169480573e-16,-4.350460269530553e-16,9.818115879834508e-16,6.358597601900241e-17,4.4368971165580407e-16,-4.303068075465454e-16,-6.070767555128808e-18
90,-1.101625973213989e-16,1.3184679062727475e-15,-9.144661894452419e-17,-1.4732468963653485e-17,-1.1941604693417874e-16,3.145818904948893e-16,3.6955968842320184e-16,5.997605498723163e-17,1.2860088739917682e-16,-1.2860798652054638e-17,3.1241765461582827e-16,-3.903171363696354e-18
91,5.136682055178858e-16,1.3185472867174482e-15,-1.429975631744736e-16,-6.186019787057734e-16,3.0408452435434384e-17,1.5179783811471085e-16,3.7276929734392635e-16,-8.715105386539073e-16,5.0553965009661424e-17,-2.154390411563341e-16,3.962024013693265e-16,1.4409800314642337e-16
92,6.271970815751251e-16,1.3183920706345695e-15,-1.325477518292846e-16,6.545815405564811e-17,-2.047405004548557e-16,-2.3510076393656267e-16,-4.646986423417911e-16,8.281478479042983e-16,-2.487162423926271e-18,-1.802837516609359e-16,2.2854391335069266e-16,-4.396904039343817e-17
93,-1.4471182068695503e-15,1.3184597625847528e-15,-1.3371646307594264e-16,-1.3346033895365075e-16,-1.3380984602504194e-16,1.3776966641758946e-16,1.1023890060843454e-16,2.6526255097035747e-16,-7.504301429348273e-18,-2.903126898332729e-17,2.046752141314901e-17,-6.582481661478168e-17
94,6.785225005181058e-16,1.3184463271945312e-15,-2.65651296719255e-16,-3.298291815236208e-17,-3.504859145716739e-16,-1.5718059031353044e-16,-3.7844242553901894e-16,8.673854083156472e-16,-1.0840167638734978e-16,-2.370436825984043e-17,-2.1845637322592308e-16,-1.1162026292515707e-17
95,-1.451203130787532e-17,1.3184603326566765e-15,1.8413600559962424e-16,1.2958586879552652e-16,2.040250571190831e-16,5.4852501674884206e-17,1.7136843088069716e-16,-4.847169690251347e-16,-1.8972136755621628e-16,-2.926581393265926e-16,-5.596384215617377e-17,-7.592582579218612e-17
96,3.535365277504096e-16,1.3184588561793287e-15,-3.201920305916794e-17,-5.391948110038375e-16,1.528982179620911e-16,-7.920941713894062e-17,-7.260481931441084e-17,-1.0979488924079542e-16,7.703792293081936e-17,1.5737400708005465e-16,-2.7350723584209315e-17,1.1822526422794453e-17
97,7.963358700455106e-16,1.31844377344065e-15,7.869781167731209e-17,2.732374707249372e-16,7.765624156488722e-18,1.3312388849172605e-16,1.7631499072213593e-16,-6.688182741419016e-17,-8.985948790391133e-17,1.2637824132166364e-16,-3.708418585464532e-16,3.55389887025257e-17
98,-1.56410300172426e-17,1.318463441898948e-15,-3.1641174261322726e-16,-6.197342877935933e-17,-4.091792857730644e-16,-1.3931079752962197e-16,-1.6842893241364567e-16,-4.469756347931395e-18,1.231485484603725e-17,-1.0854680829762042e-16,1.6936403117490823e-16,-1.3123845981978075e-18
99,4.660156728213108e-16,1.3184250091555147e-15,-2.742436552690099e-16,7.608927081529718e-17,-4.019783254692367e-16,9.348843978277185e-17,2.8817469344355e-16,-8.080314632480506e-16,1.8187038282734036e-16,3.0233090240742417e-16,2.534612609598395e-17,-4.37747638024432e-17
